ID,Estimated Speedup,Function Name,Demangled Name,"Duration""""(5.60035e+06)","Runtime Improvement""""(799453)",Compute Throughput,Memory Throughput,# Registers,Grid Size,Block Size
0,8.49,implicit_convolve_sgemm,..implicit_convolve_sgemm..,35.01,2.97,54.57,61.70,80,"  392,    2,    1","    8,    8,    1"
1,17.61,bn_fw_inf_1C11_kernel_NCHW,..bn_fw_inf_1C11_kernel_NCHW..,15.17,2.67,8.23,43.21,20,"   64,    1,    1","  512,    1,    1"
2,0.00,vectorized_elementwise_kernel,..launch_clamp_scalar..,8.61,0.00,8.01,75.37,18," 1568,    1,    1","  128,    1,    1"
3,0.00,max_pool_forward_nchw,..max_pool_forward_nchw..,11.42,0.00,50.82,50.72,26,"  784,    1,    1","  256,    1,    1"
4,19.48,Kernel2,..cutlass_80_tensorop_s1688gemm_64x64_16x6_nn_align4..,7.07,1.38,8.91,18.95,90,"    8,    7,    1","  128,    1,    1"
5,16.46,bn_fw_inf_1C11_kernel_NCHW,..bn_fw_inf_1C11_kernel_NCHW..,6.27,1.03,6.30,22.28,20,"   64,    1,    1","  512,    1,    1"
6,7.16,vectorized_elementwise_kernel,..launch_clamp_scalar..,4,0.29,3.86,32.63,18,"  392,    1,    1","  128,    1,    1"
7,12.77,generateWinogradTilesKernel,..generateWinogradTilesKernel..,3.58,0.46,3.08,7.60,40,"    2,   16,    1","   32,    4,    1"
8,20.54,cudnn_infer_ampere_scudnn_winograd_128x128_ldg1_ldg4_relu_tile148n_nt_v1,cudnn_infer_ampere_scudnn_winograd_128x128_ldg1_ldg4_relu_tile148n_nt_v1,19.87,4.08,32.32,32.90,130,"    2,    7,    4","  256,    1,    1"
9,14.28,bn_fw_inf_1C11_kernel_NCHW,..bn_fw_inf_1C11_kernel_NCHW..,6.34,0.90,5.89,20.61,20,"   64,    1,    1","  512,    1,    1"
10,7.65,vectorized_elementwise_kernel,..launch_clamp_scalar..,4.10,0.31,4.01,30.91,18,"  392,    1,    1","  128,    1,    1"
11,21.79,Kernel2,..cutlass_80_tensorop_s1688gemm_256x64_16x4_nn_align4..,14.72,3.21,12.85,24.66,218,"   32,    2,    1","  128,    1,    1"
12,19.07,bn_fw_inf_1C11_kernel_NCHW,..bn_fw_inf_1C11_kernel_NCHW..,13.31,2.54,14.14,52.57,20,"  256,    1,    1","  512,    1,    1"
13,21.74,Kernel2,..cutlass_80_tensorop_s1688gemm_256x64_16x4_nn_align4..,14.78,3.21,12.87,24.92,218,"   32,    2,    1","  128,    1,    1"
14,14.39,bn_fw_inf_1C11_kernel_NCHW,..bn_fw_inf_1C11_kernel_NCHW..,12.77,1.84,11.10,53.91,20,"  256,    1,    1","  512,    1,    1"
15,0.00,vectorized_elementwise_kernel,..vectorized_elementwise_kernel..,13.31,0.00,4.45,76.73,22," 1568,    1,    1","  128,    1,    1"
16,0.00,vectorized_elementwise_kernel,..launch_clamp_scalar..,8.64,0.00,6.01,75.90,18," 1568,    1,    1","  128,    1,    1"
17,21.53,Kernel2,..cutlass_80_tensorop_s1688gemm_64x64_32x6_nn_align4..,12.61,2.71,14.15,37.07,96,"    8,    7,    1","  128,    1,    1"
18,16.07,bn_fw_inf_1C11_kernel_NCHW,..bn_fw_inf_1C11_kernel_NCHW..,6.34,1.02,6.21,22.50,20,"   64,    1,    1","  512,    1,    1"
19,8.07,vectorized_elementwise_kernel,..launch_clamp_scalar..,3.94,0.32,3.42,29.58,18,"  392,    1,    1","  128,    1,    1"
20,12.72,generateWinogradTilesKernel,..generateWinogradTilesKernel..,3.42,0.44,3.09,7.87,40,"    2,   16,    1","   32,    4,    1"
21,20.49,cudnn_infer_ampere_scudnn_winograd_128x128_ldg1_ldg4_relu_tile148n_nt_v1,cudnn_infer_ampere_scudnn_winograd_128x128_ldg1_ldg4_relu_tile148n_nt_v1,21.50,4.41,32.53,33.11,130,"    2,    7,    4","  256,    1,    1"
22,14.90,bn_fw_inf_1C11_kernel_NCHW,..bn_fw_inf_1C11_kernel_NCHW..,6.24,0.93,5.91,22.58,20,"   64,    1,    1","  512,    1,    1"
23,7.72,vectorized_elementwise_kernel,..launch_clamp_scalar..,3.81,0.29,3.98,33.68,18,"  392,    1,    1","  128,    1,    1"
24,22.06,Kernel2,..cutlass_80_tensorop_s1688gemm_256x64_16x4_nn_align4..,14.88,3.28,12.85,24.94,218,"   32,    2,    1","  128,    1,    1"
25,13.48,bn_fw_inf_1C11_kernel_NCHW,..bn_fw_inf_1C11_kernel_NCHW..,12.80,1.73,10.73,50.95,20,"  256,    1,    1","  512,    1,    1"
26,0.00,vectorized_elementwise_kernel,..vectorized_elementwise_kernel..,13.31,0.00,3.29,76.72,22," 1568,    1,    1","  128,    1,    1"
27,0.00,vectorized_elementwise_kernel,..launch_clamp_scalar..,8.86,0.00,5.98,74.66,18," 1568,    1,    1","  128,    1,    1"
28,21.65,Kernel2,..cutlass_80_tensorop_s1688gemm_64x64_32x6_nn_align4..,12.48,2.70,14.48,36.21,96,"    8,    7,    1","  128,    1,    1"
29,16.44,bn_fw_inf_1C11_kernel_NCHW,..bn_fw_inf_1C11_kernel_NCHW..,6.24,1.03,6.12,23.10,20,"   64,    1,    1","  512,    1,    1"
30,7.77,vectorized_elementwise_kernel,..launch_clamp_scalar..,3.97,0.31,3.88,32.77,18,"  392,    1,    1","  128,    1,    1"
31,13.81,generateWinogradTilesKernel,..generateWinogradTilesKernel..,3.49,0.48,3.12,7.74,40,"    2,   16,    1","   32,    4,    1"
32,20.66,cudnn_infer_ampere_scudnn_winograd_128x128_ldg1_ldg4_relu_tile148n_nt_v1,cudnn_infer_ampere_scudnn_winograd_128x128_ldg1_ldg4_relu_tile148n_nt_v1,20.10,4.15,32.75,33.29,130,"    2,    7,    4","  256,    1,    1"
33,14.48,bn_fw_inf_1C11_kernel_NCHW,..bn_fw_inf_1C11_kernel_NCHW..,6.34,0.92,5.87,22.10,20,"   64,    1,    1","  512,    1,    1"
34,6.82,vectorized_elementwise_kernel,..launch_clamp_scalar..,4,0.27,3.64,31.83,18,"  392,    1,    1","  128,    1,    1"
35,21.97,Kernel2,..cutlass_80_tensorop_s1688gemm_256x64_16x4_nn_align4..,14.69,3.23,12.84,25.13,218,"   32,    2,    1","  128,    1,    1"
36,14.45,bn_fw_inf_1C11_kernel_NCHW,..bn_fw_inf_1C11_kernel_NCHW..,12.80,1.85,11.05,53.75,20,"  256,    1,    1","  512,    1,    1"
37,0.00,vectorized_elementwise_kernel,..vectorized_elementwise_kernel..,13.15,0.00,4.51,77.01,22," 1568,    1,    1","  128,    1,    1"
38,13.30,vectorized_elementwise_kernel,..launch_clamp_scalar..,8.67,1.15,8.05,75.06,18," 1568,    1,    1","  128,    1,    1"
39,22.49,Kernel2,..cutlass_80_tensorop_s1688gemm_128x64_16x6_nn_align4..,18.78,4.22,19.42,30.20,136,"   16,    4,    1","  128,    1,    1"
40,8.34,bn_fw_inf_1C11_kernel_NCHW,..bn_fw_inf_1C11_kernel_NCHW..,7.42,0.62,11.63,42.17,20,"  128,    1,    1","  512,    1,    1"
41,6.38,vectorized_elementwise_kernel,..launch_clamp_scalar..,6.02,0.38,5.97,50.65,18,"  784,    1,    1","  128,    1,    1"
42,9.19,nchwToNhwcKernel,..nchw2nhwc_params_t..,6.02,0.55,17.53,44.63,33,"   98,    4,    1","  256,    1,    1"
43,13.24,nchwToNhwcKernel,..nchw2nhwc_params_t..,5.22,0.69,23.84,17.59,33,"    1,    4,  128","  256,    1,    1"
44,22.21,sm86_xmma_fprop_implicit_gemm_indexed_tf32f32_tf32f32_f32_nhwckrsc_nchw_tilesize64x32x64_stage4_warpsize2x2x1_g1_tensor16x8x8_alignc4_execute_kernel_cudnn_infer,sm86_xmma_fprop_implicit_gemm_indexed_tf32f32_tf32f32_f32_nhwckrsc_nchw_tilesize64x32x64_stage4_warpsize2x2x1_g1_tensor16x8x8_alignc4_execute_kernel_cudnn_infer,23.52,5.22,18.02,45.30,122,"    4,   13,    1","  128,    1,    1"
45,7.89,bn_fw_inf_1C11_kernel_NCHW,..bn_fw_inf_1C11_kernel_NCHW..,4.96,0.39,4.94,12.83,20,"  128,    1,    1","  256,    1,    1"
46,8.58,vectorized_elementwise_kernel,..launch_clamp_scalar..,3.20,0.27,2.30,15.54,18,"  196,    1,    1","  128,    1,    1"
47,20.06,Kernel2,..cutlass_80_tensorop_s1688gemm_128x64_16x6_nn_align4..,12.93,2.59,15.93,25.52,136,"   64,    1,    1","  128,    1,    1"
48,17.83,bn_fw_inf_1C11_kernel_NCHW,..bn_fw_inf_1C11_kernel_NCHW..,8.54,1.52,13.38,39.58,20,"  512,    1,    1","  256,    1,    1"
49,9.40,implicit_convolve_sgemm,..implicit_convolve_sgemm..,34.27,3.22,47.59,60.06,80,"   25,   16,    1","    8,    8,    1"
50,16.91,bn_fw_inf_1C11_kernel_NCHW,..bn_fw_inf_1C11_kernel_NCHW..,8,1.35,13.76,37.70,20,"  512,    1,    1","  256,    1,    1"
51,0.00,vectorized_elementwise_kernel,..vectorized_elementwise_kernel..,7.81,0.00,2.86,61.58,22,"  784,    1,    1","  128,    1,    1"
52,10.28,vectorized_elementwise_kernel,..launch_clamp_scalar..,6.02,0.62,5.89,50.38,18,"  784,    1,    1","  128,    1,    1"
53,19.73,Kernel2,..cutlass_80_tensorop_s1688gemm_64x64_32x6_nn_align4..,18.46,3.64,10.19,18.65,96,"   16,    2,    1","  128,    1,    1"
54,8.55,bn_fw_inf_1C11_kernel_NCHW,..bn_fw_inf_1C11_kernel_NCHW..,4.96,0.42,5.07,12.41,20,"  128,    1,    1","  256,    1,    1"
55,9.63,vectorized_elementwise_kernel,..launch_clamp_scalar..,3.39,0.33,2.35,14.58,18,"  196,    1,    1","  128,    1,    1"
56,9.65,nchwToNhwcKernel,..nchw2nhwc_params_t..,3.87,0.37,6.31,15.58,33,"   25,    4,    1","  256,    1,    1"
57,13.86,nchwToNhwcKernel,..nchw2nhwc_params_t..,5.22,0.72,23.91,17.08,33,"    1,    4,  128","  256,    1,    1"
58,22.44,sm86_xmma_fprop_implicit_gemm_indexed_tf32f32_tf32f32_f32_nhwckrsc_nchw_tilesize64x32x64_stage4_warpsize2x2x1_g1_tensor16x8x8_alignc4_execute_kernel_cudnn_infer,sm86_xmma_fprop_implicit_gemm_indexed_tf32f32_tf32f32_f32_nhwckrsc_nchw_tilesize64x32x64_stage4_warpsize2x2x1_g1_tensor16x8x8_alignc4_execute_kernel_cudnn_infer,22.62,5.08,18.92,46.31,122,"    4,   13,    1","  128,    1,    1"
59,8.31,bn_fw_inf_1C11_kernel_NCHW,..bn_fw_inf_1C11_kernel_NCHW..,4.90,0.41,5.40,13.76,20,"  128,    1,    1","  256,    1,    1"
60,7.41,vectorized_elementwise_kernel,..launch_clamp_scalar..,3.26,0.24,2.25,15.78,18,"  196,    1,    1","  128,    1,    1"
61,20.19,Kernel2,..cutlass_80_tensorop_s1688gemm_128x64_16x6_nn_align4..,12.96,2.62,16.01,25.44,136,"   64,    1,    1","  128,    1,    1"
62,18.27,bn_fw_inf_1C11_kernel_NCHW,..bn_fw_inf_1C11_kernel_NCHW..,8.03,1.47,13.67,36.70,20,"  512,    1,    1","  256,    1,    1"
63,0.00,vectorized_elementwise_kernel,..vectorized_elementwise_kernel..,7.71,0.00,3.51,63.11,22,"  784,    1,    1","  128,    1,    1"
64,6.06,vectorized_elementwise_kernel,..launch_clamp_scalar..,5.95,0.36,4.83,50.06,18,"  784,    1,    1","  128,    1,    1"
65,19.95,Kernel2,..cutlass_80_tensorop_s1688gemm_64x64_32x6_nn_align4..,18.50,3.69,10.32,18.61,96,"   16,    2,    1","  128,    1,    1"
66,8.88,bn_fw_inf_1C11_kernel_NCHW,..bn_fw_inf_1C11_kernel_NCHW..,5.09,0.45,5.29,12.17,20,"  128,    1,    1","  256,    1,    1"
67,9.20,vectorized_elementwise_kernel,..launch_clamp_scalar..,3.17,0.29,2.30,15.67,18,"  196,    1,    1","  128,    1,    1"
68,9.72,nchwToNhwcKernel,..nchw2nhwc_params_t..,3.87,0.38,6.20,15.89,33,"   25,    4,    1","  256,    1,    1"
69,13.45,nchwToNhwcKernel,..nchw2nhwc_params_t..,5.28,0.71,23.69,16.93,33,"    1,    4,  128","  256,    1,    1"
70,22.00,sm86_xmma_fprop_implicit_gemm_indexed_tf32f32_tf32f32_f32_nhwckrsc_nchw_tilesize64x32x64_stage4_warpsize2x2x1_g1_tensor16x8x8_alignc4_execute_kernel_cudnn_infer,sm86_xmma_fprop_implicit_gemm_indexed_tf32f32_tf32f32_f32_nhwckrsc_nchw_tilesize64x32x64_stage4_warpsize2x2x1_g1_tensor16x8x8_alignc4_execute_kernel_cudnn_infer,22.56,4.96,18.92,46.49,122,"    4,   13,    1","  128,    1,    1"
71,9.57,bn_fw_inf_1C11_kernel_NCHW,..bn_fw_inf_1C11_kernel_NCHW..,4.96,0.47,5.39,13.87,20,"  128,    1,    1","  256,    1,    1"
72,8.03,vectorized_elementwise_kernel,..launch_clamp_scalar..,3.20,0.26,2.36,15.46,18,"  196,    1,    1","  128,    1,    1"
73,20.33,Kernel2,..cutlass_80_tensorop_s1688gemm_128x64_16x6_nn_align4..,12.86,2.61,16.04,25.62,136,"   64,    1,    1","  128,    1,    1"
74,14.26,bn_fw_inf_1C11_kernel_NCHW,..bn_fw_inf_1C11_kernel_NCHW..,8.48,1.21,11.88,39.31,20,"  512,    1,    1","  256,    1,    1"
75,0.00,vectorized_elementwise_kernel,..vectorized_elementwise_kernel..,7.65,0.00,3.01,63.58,22,"  784,    1,    1","  128,    1,    1"
76,6.46,vectorized_elementwise_kernel,..launch_clamp_scalar..,5.66,0.37,6.07,48.31,18,"  784,    1,    1","  128,    1,    1"
77,19.62,Kernel2,..cutlass_80_tensorop_s1688gemm_64x64_32x6_nn_align4..,18.50,3.63,10.14,18.63,96,"   16,    2,    1","  128,    1,    1"
78,10.65,bn_fw_inf_1C11_kernel_NCHW,..bn_fw_inf_1C11_kernel_NCHW..,4.96,0.53,5.30,14.18,20,"  128,    1,    1","  256,    1,    1"
79,7.20,vectorized_elementwise_kernel,..launch_clamp_scalar..,3.20,0.23,2.33,15.15,18,"  196,    1,    1","  128,    1,    1"
80,11.70,nchwToNhwcKernel,..nchw2nhwc_params_t..,4,0.47,6.28,15.34,33,"   25,    4,    1","  256,    1,    1"
81,13.55,nchwToNhwcKernel,..nchw2nhwc_params_t..,5.28,0.72,23.44,16.28,33,"    1,    4,  128","  256,    1,    1"
82,21.74,sm86_xmma_fprop_implicit_gemm_indexed_tf32f32_tf32f32_f32_nhwckrsc_nchw_tilesize64x32x64_stage4_warpsize2x2x1_g1_tensor16x8x8_alignc4_execute_kernel_cudnn_infer,sm86_xmma_fprop_implicit_gemm_indexed_tf32f32_tf32f32_f32_nhwckrsc_nchw_tilesize64x32x64_stage4_warpsize2x2x1_g1_tensor16x8x8_alignc4_execute_kernel_cudnn_infer,22.78,4.95,18.63,46.00,122,"    4,   13,    1","  128,    1,    1"
83,8.49,bn_fw_inf_1C11_kernel_NCHW,..bn_fw_inf_1C11_kernel_NCHW..,4.99,0.42,5.15,13.45,20,"  128,    1,    1","  256,    1,    1"
84,9.21,vectorized_elementwise_kernel,..launch_clamp_scalar..,3.23,0.30,2.24,14.43,18,"  196,    1,    1","  128,    1,    1"
85,20.13,Kernel2,..cutlass_80_tensorop_s1688gemm_128x64_16x6_nn_align4..,12.99,2.61,15.95,26.77,136,"   64,    1,    1","  128,    1,    1"
86,15.97,bn_fw_inf_1C11_kernel_NCHW,..bn_fw_inf_1C11_kernel_NCHW..,8.22,1.31,13.57,37.00,20,"  512,    1,    1","  256,    1,    1"
87,7.08,vectorized_elementwise_kernel,..vectorized_elementwise_kernel..,7.71,0.55,2.93,62.42,22,"  784,    1,    1","  128,    1,    1"
88,6.34,vectorized_elementwise_kernel,..launch_clamp_scalar..,5.95,0.38,4.64,50.14,18,"  784,    1,    1","  128,    1,    1"
89,19.62,Kernel2,..cutlass_80_tensorop_s1688gemm_64x64_32x6_nn_align4..,18.50,3.63,10.09,18.60,96,"   16,    2,    1","  128,    1,    1"
90,9.20,bn_fw_inf_1C11_kernel_NCHW,..bn_fw_inf_1C11_kernel_NCHW..,5.02,0.46,5.10,12.65,20,"  128,    1,    1","  256,    1,    1"
91,8.44,vectorized_elementwise_kernel,..launch_clamp_scalar..,3.30,0.28,2.27,15.23,18,"  196,    1,    1","  128,    1,    1"
92,11.66,nchwToNhwcKernel,..nchw2nhwc_params_t..,3.94,0.46,6.18,15.33,33,"   25,    4,    1","  256,    1,    1"
93,14.87,nchwToNhwcKernel,..nchw2nhwc_params_t..,5.28,0.78,23.50,16.43,33,"    1,    4,  128","  256,    1,    1"
94,22.04,sm86_xmma_fprop_implicit_gemm_indexed_tf32f32_tf32f32_f32_nhwckrsc_nchw_tilesize64x32x64_stage4_warpsize2x2x1_g1_tensor16x8x8_alignc4_execute_kernel_cudnn_infer,sm86_xmma_fprop_implicit_gemm_indexed_tf32f32_tf32f32_f32_nhwckrsc_nchw_tilesize64x32x64_stage4_warpsize2x2x1_g1_tensor16x8x8_alignc4_execute_kernel_cudnn_infer,22.66,4.99,18.88,46.26,122,"    4,   13,    1","  128,    1,    1"
95,7.95,bn_fw_inf_1C11_kernel_NCHW,..bn_fw_inf_1C11_kernel_NCHW..,4.99,0.40,5.05,12.59,20,"  128,    1,    1","  256,    1,    1"
96,8.52,vectorized_elementwise_kernel,..launch_clamp_scalar..,3.26,0.28,2.35,15.68,18,"  196,    1,    1","  128,    1,    1"
97,20.37,Kernel2,..cutlass_80_tensorop_s1688gemm_128x64_16x6_nn_align4..,12.99,2.65,16.06,25.40,136,"   64,    1,    1","  128,    1,    1"
98,17.09,bn_fw_inf_1C11_kernel_NCHW,..bn_fw_inf_1C11_kernel_NCHW..,8.16,1.39,13.43,40.20,20,"  512,    1,    1","  256,    1,    1"
99,5.31,vectorized_elementwise_kernel,..vectorized_elementwise_kernel..,7.71,0.41,3.53,63.05,22,"  784,    1,    1","  128,    1,    1"
100,6.13,vectorized_elementwise_kernel,..launch_clamp_scalar..,5.86,0.36,5.94,49.88,18,"  784,    1,    1","  128,    1,    1"
101,19.76,Kernel2,..cutlass_80_tensorop_s1688gemm_64x64_32x6_nn_align4..,18.37,3.63,10.19,18.75,96,"   16,    2,    1","  128,    1,    1"
102,8.35,bn_fw_inf_1C11_kernel_NCHW,..bn_fw_inf_1C11_kernel_NCHW..,4.96,0.41,5.39,14.21,20,"  128,    1,    1","  256,    1,    1"
103,8.70,vectorized_elementwise_kernel,..launch_clamp_scalar..,3.20,0.28,2.25,14.32,18,"  196,    1,    1","  128,    1,    1"
104,8.88,nchwToNhwcKernel,..nchw2nhwc_params_t..,4,0.36,5.72,16.13,33,"   25,    4,    1","  256,    1,    1"
105,14.15,nchwToNhwcKernel,..nchw2nhwc_params_t..,5.22,0.74,23.30,17.25,33,"    1,    4,  128","  256,    1,    1"
106,21.86,sm86_xmma_fprop_implicit_gemm_indexed_tf32f32_tf32f32_f32_nhwckrsc_nchw_tilesize64x32x64_stage4_warpsize2x2x1_g1_tensor16x8x8_alignc4_execute_kernel_cudnn_infer,sm86_xmma_fprop_implicit_gemm_indexed_tf32f32_tf32f32_f32_nhwckrsc_nchw_tilesize64x32x64_stage4_warpsize2x2x1_g1_tensor16x8x8_alignc4_execute_kernel_cudnn_infer,22.75,4.97,18.81,46.10,122,"    4,   13,    1","  128,    1,    1"
107,8.17,bn_fw_inf_1C11_kernel_NCHW,..bn_fw_inf_1C11_kernel_NCHW..,4.99,0.41,5.17,13.52,20,"  128,    1,    1","  256,    1,    1"
108,9.63,vectorized_elementwise_kernel,..launch_clamp_scalar..,3.30,0.32,2.32,15.02,18,"  196,    1,    1","  128,    1,    1"
109,20.05,Kernel2,..cutlass_80_tensorop_s1688gemm_128x64_16x6_nn_align4..,12.90,2.59,15.90,25.59,136,"   64,    1,    1","  128,    1,    1"
110,21.48,bn_fw_inf_1C11_kernel_NCHW,..bn_fw_inf_1C11_kernel_NCHW..,8.38,1.80,13.90,40.70,20,"  512,    1,    1","  256,    1,    1"
111,0.00,vectorized_elementwise_kernel,..vectorized_elementwise_kernel..,7.84,0.00,2.99,61.00,22,"  784,    1,    1","  128,    1,    1"
112,5.44,vectorized_elementwise_kernel,..launch_clamp_scalar..,5.95,0.32,4.67,51.59,18,"  784,    1,    1","  128,    1,    1"
113,19.67,Kernel2,..cutlass_80_tensorop_s1688gemm_64x64_32x6_nn_align4..,18.43,3.62,10.15,18.69,96,"   16,    2,    1","  128,    1,    1"
114,8.39,bn_fw_inf_1C11_kernel_NCHW,..bn_fw_inf_1C11_kernel_NCHW..,4.86,0.41,5.33,14.28,20,"  128,    1,    1","  256,    1,    1"
115,9.27,vectorized_elementwise_kernel,..launch_clamp_scalar..,3.36,0.31,2.26,14.56,18,"  196,    1,    1","  128,    1,    1"
116,9.31,nchwToNhwcKernel,..nchw2nhwc_params_t..,4,0.37,6.27,15.69,33,"   25,    4,    1","  256,    1,    1"
117,14.72,nchwToNhwcKernel,..nchw2nhwc_params_t..,5.12,0.75,23.96,16.86,33,"    1,    4,  128","  256,    1,    1"
118,22.13,sm86_xmma_fprop_implicit_gemm_indexed_tf32f32_tf32f32_f32_nhwckrsc_nchw_tilesize64x32x64_stage4_warpsize2x2x1_g1_tensor16x8x8_alignc4_execute_kernel_cudnn_infer,sm86_xmma_fprop_implicit_gemm_indexed_tf32f32_tf32f32_f32_nhwckrsc_nchw_tilesize64x32x64_stage4_warpsize2x2x1_g1_tensor16x8x8_alignc4_execute_kernel_cudnn_infer,22.56,4.99,18.88,46.44,122,"    4,   13,    1","  128,    1,    1"
119,9.05,bn_fw_inf_1C11_kernel_NCHW,..bn_fw_inf_1C11_kernel_NCHW..,4.83,0.44,5.32,14.30,20,"  128,    1,    1","  256,    1,    1"
120,9.03,vectorized_elementwise_kernel,..launch_clamp_scalar..,3.33,0.30,2.28,14.50,18,"  196,    1,    1","  128,    1,    1"
121,19.97,Kernel2,..cutlass_80_tensorop_s1688gemm_128x64_16x6_nn_align4..,13.06,2.61,15.94,25.26,136,"   64,    1,    1","  128,    1,    1"
122,13.90,bn_fw_inf_1C11_kernel_NCHW,..bn_fw_inf_1C11_kernel_NCHW..,8.13,1.13,12.02,40.42,20,"  512,    1,    1","  256,    1,    1"
123,5.37,vectorized_elementwise_kernel,..vectorized_elementwise_kernel..,7.55,0.41,2.99,63.57,22,"  784,    1,    1","  128,    1,    1"
124,8.06,vectorized_elementwise_kernel,..launch_clamp_scalar..,6.02,0.49,6.17,50.22,18,"  784,    1,    1","  128,    1,    1"
125,19.66,Kernel2,..cutlass_80_tensorop_s1688gemm_64x64_32x6_nn_align4..,18.59,3.66,10.11,18.53,96,"   16,    2,    1","  128,    1,    1"
126,11.20,bn_fw_inf_1C11_kernel_NCHW,..bn_fw_inf_1C11_kernel_NCHW..,5.02,0.56,5.32,13.95,20,"  128,    1,    1","  256,    1,    1"
127,8.91,vectorized_elementwise_kernel,..launch_clamp_scalar..,3.30,0.29,2.33,15.59,18,"  196,    1,    1","  128,    1,    1"
128,11.03,nchwToNhwcKernel,..nchw2nhwc_params_t..,3.84,0.42,6.28,15.76,33,"   25,    4,    1","  256,    1,    1"
129,12.90,nchwToNhwcKernel,..nchw2nhwc_params_t..,5.38,0.69,23.38,16.74,33,"    1,    4,  128","  256,    1,    1"
130,21.73,sm86_xmma_fprop_implicit_gemm_indexed_tf32f32_tf32f32_f32_nhwckrsc_nchw_tilesize64x32x64_stage4_warpsize2x2x1_g1_tensor16x8x8_alignc4_execute_kernel_cudnn_infer,sm86_xmma_fprop_implicit_gemm_indexed_tf32f32_tf32f32_f32_nhwckrsc_nchw_tilesize64x32x64_stage4_warpsize2x2x1_g1_tensor16x8x8_alignc4_execute_kernel_cudnn_infer,22.66,4.92,18.71,46.30,122,"    4,   13,    1","  128,    1,    1"
131,8.48,bn_fw_inf_1C11_kernel_NCHW,..bn_fw_inf_1C11_kernel_NCHW..,5.06,0.43,5.17,14.17,20,"  128,    1,    1","  256,    1,    1"
132,8.86,vectorized_elementwise_kernel,..launch_clamp_scalar..,3.30,0.29,2.35,15.83,18,"  196,    1,    1","  128,    1,    1"
133,20.44,Kernel2,..cutlass_80_tensorop_s1688gemm_128x64_16x6_nn_align4..,12.86,2.63,16.11,25.63,136,"   64,    1,    1","  128,    1,    1"
134,14.41,bn_fw_inf_1C11_kernel_NCHW,..bn_fw_inf_1C11_kernel_NCHW..,7.97,1.15,11.95,40.53,20,"  512,    1,    1","  256,    1,    1"
135,0.00,vectorized_elementwise_kernel,..vectorized_elementwise_kernel..,7.65,0.00,2.88,63.11,22,"  784,    1,    1","  128,    1,    1"
136,0.00,vectorized_elementwise_kernel,..launch_clamp_scalar..,6.11,0.00,6.17,50.03,18,"  784,    1,    1","  128,    1,    1"
137,22.06,Kernel2,..cutlass_80_tensorop_s1688gemm_64x64_32x6_nn_align4..,19.36,4.27,19.59,35.04,96,"   32,    2,    1","  128,    1,    1"
138,5.81,bn_fw_inf_1C11_kernel_NCHW,..bn_fw_inf_1C11_kernel_NCHW..,5.73,0.33,9.18,26.98,20,"  256,    1,    1","  256,    1,    1"
139,8.07,vectorized_elementwise_kernel,..launch_clamp_scalar..,4,0.32,3.93,33.79,18,"  392,    1,    1","  128,    1,    1"
140,12.54,nchwToNhwcKernel,..nchw2nhwc_params_t..,4.61,0.58,10.61,27.75,33,"   25,    8,    1","  256,    1,    1"
141,6.32,nchwToNhwcKernel,..nchw2nhwc_params_t..,10.08,0.64,47.58,46.30,33,"    1,    8,  256","  256,    1,    1"
142,18.84,sm86_xmma_fprop_implicit_gemm_indexed_tf32f32_tf32f32_f32_nhwckrsc_nchw_tilesize64x32x64_stage4_warpsize2x2x1_g1_tensor16x8x8_alignc4_execute_kernel_cudnn_infer,sm86_xmma_fprop_implicit_gemm_indexed_tf32f32_tf32f32_f32_nhwckrsc_nchw_tilesize64x32x64_stage4_warpsize2x2x1_g1_tensor16x8x8_alignc4_execute_kernel_cudnn_infer,25.34,4.78,21.17,45.36,122,"    8,    4,    2","  128,    1,    1"
143,8.44,bn_fw_inf_1C11_kernel_NCHW,..bn_fw_inf_1C11_kernel_NCHW..,4.77,0.40,2.96,7.82,20,"  256,    1,    1","   64,    1,    1"
144,6.61,vectorized_elementwise_kernel,..launch_clamp_scalar..,2.98,0.20,1.27,10.68,18,"   98,    1,    1","  128,    1,    1"
145,18.30,Kernel2,..cutlass_80_tensorop_s1688gemm_64x64_32x6_nn_align4..,13.63,2.50,17.33,35.40,96,"   64,    1,    1","  128,    1,    1"
146,6.90,bn_fw_inf_1C11_kernel_NCHW,..bn_fw_inf_1C11_kernel_NCHW..,5.54,0.38,9.27,29.41,20," 1024,    1,    1","   64,    1,    1"
147,0.00,kern_precompute_indices,..kern_precompute_indices..,2.91,0.00,2.18,1.34,16,"  512,    1,    1","    1,    1,    1"
148,6.40,precomputed_convolve_sgemm,..precomputed_convolve_sgemm..,41.89,2.68,45.99,54.56,64,"    7,   32,    1","    8,    8,    1"
149,5.54,bn_fw_inf_1C11_kernel_NCHW,..bn_fw_inf_1C11_kernel_NCHW..,5.28,0.29,9.18,27.39,20," 1024,    1,    1","   64,    1,    1"
150,5.98,vectorized_elementwise_kernel,..vectorized_elementwise_kernel..,4.99,0.30,2.38,44.73,22,"  392,    1,    1","  128,    1,    1"
151,6.88,vectorized_elementwise_kernel,..launch_clamp_scalar..,4.16,0.29,3.80,31.96,18,"  392,    1,    1","  128,    1,    1"
152,22.67,Kernel2,..cutlass_80_tensorop_s1688gemm_64x128_32x3_nn_align4..,17.38,3.94,13.44,21.88,148,"    8,    1,    5","  128,    1,    1"
153,7.52,splitKreduce_kernel,..splitKreduce_kernel..,4.80,0.36,9.05,27.96,44,"    7,   16,    1","   32,   16,    1"
154,9.05,bn_fw_inf_1C11_kernel_NCHW,..bn_fw_inf_1C11_kernel_NCHW..,4.64,0.42,2.80,10.36,20,"  256,    1,    1","   64,    1,    1"
155,7.83,vectorized_elementwise_kernel,..launch_clamp_scalar..,3.10,0.24,1.25,9.34,18,"   98,    1,    1","  128,    1,    1"
156,13.65,nchwToNhwcKernel,..nchw2nhwc_params_t..,3.74,0.51,3.44,7.54,33,"    7,    8,    1","  256,    1,    1"
157,6.22,nchwToNhwcKernel,..nchw2nhwc_params_t..,10.27,0.64,47.23,46.89,33,"    1,    8,  256","  256,    1,    1"
158,18.31,sm86_xmma_fprop_implicit_gemm_indexed_tf32f32_tf32f32_f32_nhwckrsc_nchw_tilesize64x32x64_stage4_warpsize2x2x1_g1_tensor16x8x8_alignc4_execute_kernel_cudnn_infer,sm86_xmma_fprop_implicit_gemm_indexed_tf32f32_tf32f32_f32_nhwckrsc_nchw_tilesize64x32x64_stage4_warpsize2x2x1_g1_tensor16x8x8_alignc4_execute_kernel_cudnn_infer,24.58,4.50,21.42,45.54,122,"    8,    4,    2","  128,    1,    1"
159,7.01,bn_fw_inf_1C11_kernel_NCHW,..bn_fw_inf_1C11_kernel_NCHW..,4.61,0.32,2.87,8.03,20,"  256,    1,    1","   64,    1,    1"
160,8.92,vectorized_elementwise_kernel,..launch_clamp_scalar..,3.04,0.27,1.29,9.54,18,"   98,    1,    1","  128,    1,    1"
161,18.85,Kernel2,..cutlass_80_tensorop_s1688gemm_64x64_32x6_nn_align4..,13.34,2.51,17.68,36.18,96,"   64,    1,    1","  128,    1,    1"
162,8.21,bn_fw_inf_1C11_kernel_NCHW,..bn_fw_inf_1C11_kernel_NCHW..,5.34,0.44,9.78,25.84,20," 1024,    1,    1","   64,    1,    1"
163,6.28,vectorized_elementwise_kernel,..vectorized_elementwise_kernel..,4.90,0.31,2.47,44.11,22,"  392,    1,    1","  128,    1,    1"
164,8.23,vectorized_elementwise_kernel,..launch_clamp_scalar..,3.87,0.32,4.04,29.18,18,"  392,    1,    1","  128,    1,    1"
165,22.65,Kernel2,..cutlass_80_tensorop_s1688gemm_64x128_32x3_nn_align4..,17.50,3.96,13.52,21.74,148,"    8,    1,    5","  128,    1,    1"
166,7.95,splitKreduce_kernel,..splitKreduce_kernel..,4.77,0.38,9.63,30.76,44,"    7,   16,    1","   32,   16,    1"
167,6.50,bn_fw_inf_1C11_kernel_NCHW,..bn_fw_inf_1C11_kernel_NCHW..,4.70,0.31,3.03,9.10,20,"  256,    1,    1","   64,    1,    1"
168,9.40,vectorized_elementwise_kernel,..launch_clamp_scalar..,2.94,0.28,1.29,10.01,18,"   98,    1,    1","  128,    1,    1"
169,14.86,nchwToNhwcKernel,..nchw2nhwc_params_t..,3.68,0.55,3.50,7.70,33,"    7,    8,    1","  256,    1,    1"
170,7.54,nchwToNhwcKernel,..nchw2nhwc_params_t..,10.05,0.76,47.20,45.04,33,"    1,    8,  256","  256,    1,    1"
171,18.33,sm86_xmma_fprop_implicit_gemm_indexed_tf32f32_tf32f32_f32_nhwckrsc_nchw_tilesize64x32x64_stage4_warpsize2x2x1_g1_tensor16x8x8_alignc4_execute_kernel_cudnn_infer,sm86_xmma_fprop_implicit_gemm_indexed_tf32f32_tf32f32_f32_nhwckrsc_nchw_tilesize64x32x64_stage4_warpsize2x2x1_g1_tensor16x8x8_alignc4_execute_kernel_cudnn_infer,24.26,4.45,21.52,46.09,122,"    8,    4,    2","  128,    1,    1"
172,8.25,bn_fw_inf_1C11_kernel_NCHW,..bn_fw_inf_1C11_kernel_NCHW..,4.70,0.39,2.93,7.83,20,"  256,    1,    1","   64,    1,    1"
173,6.76,vectorized_elementwise_kernel,..launch_clamp_scalar..,3.04,0.21,1.26,9.49,18,"   98,    1,    1","  128,    1,    1"
174,18.57,Kernel2,..cutlass_80_tensorop_s1688gemm_64x64_32x6_nn_align4..,13.44,2.50,17.58,35.98,96,"   64,    1,    1","  128,    1,    1"
175,8.60,bn_fw_inf_1C11_kernel_NCHW,..bn_fw_inf_1C11_kernel_NCHW..,5.60,0.48,10.04,29.90,20," 1024,    1,    1","   64,    1,    1"
176,5.92,vectorized_elementwise_kernel,..vectorized_elementwise_kernel..,5.09,0.30,2.23,43.47,22,"  392,    1,    1","  128,    1,    1"
177,6.30,vectorized_elementwise_kernel,..launch_clamp_scalar..,4.16,0.26,3.73,30.94,18,"  392,    1,    1","  128,    1,    1"
178,22.52,Kernel2,..cutlass_80_tensorop_s1688gemm_64x128_32x3_nn_align4..,17.25,3.88,13.40,22.04,148,"    8,    1,    5","  128,    1,    1"
179,7.00,splitKreduce_kernel,..splitKreduce_kernel..,4.93,0.34,9.59,29.11,44,"    7,   16,    1","   32,   16,    1"
180,8.26,bn_fw_inf_1C11_kernel_NCHW,..bn_fw_inf_1C11_kernel_NCHW..,4.67,0.39,2.96,8.91,20,"  256,    1,    1","   64,    1,    1"
181,6.82,vectorized_elementwise_kernel,..launch_clamp_scalar..,3.01,0.21,1.23,9.60,18,"   98,    1,    1","  128,    1,    1"
182,14.40,nchwToNhwcKernel,..nchw2nhwc_params_t..,3.81,0.55,3.48,7.44,33,"    7,    8,    1","  256,    1,    1"
183,6.68,nchwToNhwcKernel,..nchw2nhwc_params_t..,9.92,0.66,45.15,48.55,33,"    1,    8,  256","  256,    1,    1"
184,17.93,sm86_xmma_fprop_implicit_gemm_indexed_tf32f32_tf32f32_f32_nhwckrsc_nchw_tilesize64x32x64_stage4_warpsize2x2x1_g1_tensor16x8x8_alignc4_execute_kernel_cudnn_infer,sm86_xmma_fprop_implicit_gemm_indexed_tf32f32_tf32f32_f32_nhwckrsc_nchw_tilesize64x32x64_stage4_warpsize2x2x1_g1_tensor16x8x8_alignc4_execute_kernel_cudnn_infer,24.26,4.35,21.06,46.14,122,"    8,    4,    2","  128,    1,    1"
185,6.96,bn_fw_inf_1C11_kernel_NCHW,..bn_fw_inf_1C11_kernel_NCHW..,4.61,0.32,3.01,7.52,20,"  256,    1,    1","   64,    1,    1"
186,9.04,vectorized_elementwise_kernel,..launch_clamp_scalar..,2.94,0.27,1.28,10.13,18,"   98,    1,    1","  128,    1,    1"
187,18.44,Kernel2,..cutlass_80_tensorop_s1688gemm_64x64_32x6_nn_align4..,13.50,2.49,17.61,35.78,96,"   64,    1,    1","  128,    1,    1"
188,5.26,bn_fw_inf_1C11_kernel_NCHW,..bn_fw_inf_1C11_kernel_NCHW..,5.60,0.29,10.24,29.17,20," 1024,    1,    1","   64,    1,    1"
189,6.78,vectorized_elementwise_kernel,..vectorized_elementwise_kernel..,5.15,0.35,2.44,42.82,22,"  392,    1,    1","  128,    1,    1"
190,6.92,vectorized_elementwise_kernel,..launch_clamp_scalar..,4.13,0.29,3.73,30.38,18,"  392,    1,    1","  128,    1,    1"
191,22.44,Kernel2,..cutlass_80_tensorop_s1688gemm_64x128_32x3_nn_align4..,17.15,3.85,13.38,22.73,148,"    8,    1,    5","  128,    1,    1"
192,8.41,splitKreduce_kernel,..splitKreduce_kernel..,4.90,0.41,9.35,29.61,44,"    7,   16,    1","   32,   16,    1"
193,6.17,bn_fw_inf_1C11_kernel_NCHW,..bn_fw_inf_1C11_kernel_NCHW..,4.64,0.29,2.86,8.69,20,"  256,    1,    1","   64,    1,    1"
194,9.29,vectorized_elementwise_kernel,..launch_clamp_scalar..,2.91,0.27,1.23,9.86,18,"   98,    1,    1","  128,    1,    1"
195,13.88,nchwToNhwcKernel,..nchw2nhwc_params_t..,3.68,0.51,3.52,7.62,33,"    7,    8,    1","  256,    1,    1"
196,6.30,nchwToNhwcKernel,..nchw2nhwc_params_t..,10.21,0.64,47.51,46.42,33,"    1,    8,  256","  256,    1,    1"
197,18.17,sm86_xmma_fprop_implicit_gemm_indexed_tf32f32_tf32f32_f32_nhwckrsc_nchw_tilesize64x32x64_stage4_warpsize2x2x1_g1_tensor16x8x8_alignc4_execute_kernel_cudnn_infer,sm86_xmma_fprop_implicit_gemm_indexed_tf32f32_tf32f32_f32_nhwckrsc_nchw_tilesize64x32x64_stage4_warpsize2x2x1_g1_tensor16x8x8_alignc4_execute_kernel_cudnn_infer,24.58,4.47,21.37,45.55,122,"    8,    4,    2","  128,    1,    1"
198,8.46,bn_fw_inf_1C11_kernel_NCHW,..bn_fw_inf_1C11_kernel_NCHW..,4.64,0.39,2.86,7.65,20,"  256,    1,    1","   64,    1,    1"
199,7.05,vectorized_elementwise_kernel,..launch_clamp_scalar..,3.01,0.21,1.25,10.61,18,"   98,    1,    1","  128,    1,    1"
200,18.41,Kernel2,..cutlass_80_tensorop_s1688gemm_64x64_32x6_nn_align4..,13.31,2.45,17.51,36.23,96,"   64,    1,    1","  128,    1,    1"
201,8.62,bn_fw_inf_1C11_kernel_NCHW,..bn_fw_inf_1C11_kernel_NCHW..,5.70,0.49,9.34,28.26,20," 1024,    1,    1","   64,    1,    1"
202,6.31,vectorized_elementwise_kernel,..vectorized_elementwise_kernel..,4.99,0.31,2.43,44.92,22,"  392,    1,    1","  128,    1,    1"
203,6.60,vectorized_elementwise_kernel,..launch_clamp_scalar..,4.26,0.28,3.55,29.93,18,"  392,    1,    1","  128,    1,    1"
204,22.61,Kernel2,..cutlass_80_tensorop_s1688gemm_64x128_32x3_nn_align4..,17.34,3.92,13.35,21.92,148,"    8,    1,    5","  128,    1,    1"
205,7.00,splitKreduce_kernel,..splitKreduce_kernel..,4.86,0.34,9.11,30.28,44,"    7,   16,    1","   32,   16,    1"
206,10.61,bn_fw_inf_1C11_kernel_NCHW,..bn_fw_inf_1C11_kernel_NCHW..,4.67,0.50,2.81,8.87,20,"  256,    1,    1","   64,    1,    1"
207,6.96,vectorized_elementwise_kernel,..launch_clamp_scalar..,2.98,0.21,1.20,10.63,18,"   98,    1,    1","  128,    1,    1"
208,14.03,nchwToNhwcKernel,..nchw2nhwc_params_t..,3.78,0.53,3.48,7.46,33,"    7,    8,    1","  256,    1,    1"
209,6.93,nchwToNhwcKernel,..nchw2nhwc_params_t..,10.11,0.70,47.07,47.71,33,"    1,    8,  256","  256,    1,    1"
210,18.26,sm86_xmma_fprop_implicit_gemm_indexed_tf32f32_tf32f32_f32_nhwckrsc_nchw_tilesize64x32x64_stage4_warpsize2x2x1_g1_tensor16x8x8_alignc4_execute_kernel_cudnn_infer,sm86_xmma_fprop_implicit_gemm_indexed_tf32f32_tf32f32_f32_nhwckrsc_nchw_tilesize64x32x64_stage4_warpsize2x2x1_g1_tensor16x8x8_alignc4_execute_kernel_cudnn_infer,24.61,4.49,21.40,45.47,122,"    8,    4,    2","  128,    1,    1"
211,8.07,bn_fw_inf_1C11_kernel_NCHW,..bn_fw_inf_1C11_kernel_NCHW..,4.64,0.37,2.91,8.94,20,"  256,    1,    1","   64,    1,    1"
212,8.93,vectorized_elementwise_kernel,..launch_clamp_scalar..,2.94,0.26,1.29,9.82,18,"   98,    1,    1","  128,    1,    1"
213,18.28,Kernel2,..cutlass_80_tensorop_s1688gemm_64x64_32x6_nn_align4..,13.31,2.43,17.59,36.36,96,"   64,    1,    1","  128,    1,    1"
214,5.21,bn_fw_inf_1C11_kernel_NCHW,..bn_fw_inf_1C11_kernel_NCHW..,5.44,0.28,10.22,24.87,20," 1024,    1,    1","   64,    1,    1"
215,7.42,vectorized_elementwise_kernel,..vectorized_elementwise_kernel..,5.15,0.38,2.39,42.88,22,"  392,    1,    1","  128,    1,    1"
216,8.02,vectorized_elementwise_kernel,..launch_clamp_scalar..,3.81,0.31,3.99,32.70,18,"  392,    1,    1","  128,    1,    1"
217,22.67,Kernel2,..cutlass_80_tensorop_s1688gemm_64x128_32x3_nn_align4..,17.38,3.94,13.46,21.86,148,"    8,    1,    5","  128,    1,    1"
218,7.10,splitKreduce_kernel,..splitKreduce_kernel..,4.86,0.35,9.70,30.13,44,"    7,   16,    1","   32,   16,    1"
219,6.42,bn_fw_inf_1C11_kernel_NCHW,..bn_fw_inf_1C11_kernel_NCHW..,4.67,0.30,3.02,7.43,20,"  256,    1,    1","   64,    1,    1"
220,9.84,vectorized_elementwise_kernel,..launch_clamp_scalar..,2.94,0.29,1.27,9.82,18,"   98,    1,    1","  128,    1,    1"
221,14.45,nchwToNhwcKernel,..nchw2nhwc_params_t..,3.74,0.54,3.54,7.55,33,"    7,    8,    1","  256,    1,    1"
222,6.68,nchwToNhwcKernel,..nchw2nhwc_params_t..,10.18,0.68,47.90,44.83,33,"    1,    8,  256","  256,    1,    1"
223,30.75,sm86_xmma_fprop_implicit_gemm_indexed_tf32f32_tf32f32_f32_nhwckrsc_nchw_tilesize64x32x64_stage4_warpsize2x2x1_g1_tensor16x8x8_alignc4_execute_kernel_cudnn_infer,sm86_xmma_fprop_implicit_gemm_indexed_tf32f32_tf32f32_f32_nhwckrsc_nchw_tilesize64x32x64_stage4_warpsize2x2x1_g1_tensor16x8x8_alignc4_execute_kernel_cudnn_infer,24.35,7.49,21.41,46.00,122,"    8,    4,    2","  128,    1,    1"
224,8.48,bn_fw_inf_1C11_kernel_NCHW,..bn_fw_inf_1C11_kernel_NCHW..,4.70,0.40,2.87,9.05,20,"  256,    1,    1","   64,    1,    1"
225,6.40,vectorized_elementwise_kernel,..launch_clamp_scalar..,2.98,0.19,1.26,10.40,18,"   98,    1,    1","  128,    1,    1"
226,18.57,Kernel2,..cutlass_80_tensorop_s1688gemm_64x64_32x6_nn_align4..,13.50,2.51,17.53,35.69,96,"   64,    1,    1","  128,    1,    1"
227,6.07,bn_fw_inf_1C11_kernel_NCHW,..bn_fw_inf_1C11_kernel_NCHW..,5.41,0.33,9.25,25.90,20," 1024,    1,    1","   64,    1,    1"
228,8.02,vectorized_elementwise_kernel,..vectorized_elementwise_kernel..,5.15,0.41,2.42,43.25,22,"  392,    1,    1","  128,    1,    1"
229,5.75,vectorized_elementwise_kernel,..launch_clamp_scalar..,4.19,0.24,3.59,30.65,18,"  392,    1,    1","  128,    1,    1"
230,22.53,Kernel2,..cutlass_80_tensorop_s1688gemm_64x128_32x3_nn_align4..,17.28,3.89,13.35,22.01,148,"    8,    1,    5","  128,    1,    1"
231,7.03,splitKreduce_kernel,..splitKreduce_kernel..,4.90,0.34,9.38,29.98,44,"    7,   16,    1","   32,   16,    1"
232,7.87,bn_fw_inf_1C11_kernel_NCHW,..bn_fw_inf_1C11_kernel_NCHW..,4.61,0.36,2.81,8.82,20,"  256,    1,    1","   64,    1,    1"
233,6.67,vectorized_elementwise_kernel,..launch_clamp_scalar..,3.04,0.20,1.25,9.37,18,"   98,    1,    1","  128,    1,    1"
234,14.01,nchwToNhwcKernel,..nchw2nhwc_params_t..,3.74,0.52,3.47,7.55,33,"    7,    8,    1","  256,    1,    1"
235,6.13,nchwToNhwcKernel,..nchw2nhwc_params_t..,10.18,0.62,45.27,46.59,33,"    1,    8,  256","  256,    1,    1"
236,18.35,sm86_xmma_fprop_implicit_gemm_indexed_tf32f32_tf32f32_f32_nhwckrsc_nchw_tilesize64x32x64_stage4_warpsize2x2x1_g1_tensor16x8x8_alignc4_execute_kernel_cudnn_infer,sm86_xmma_fprop_implicit_gemm_indexed_tf32f32_tf32f32_f32_nhwckrsc_nchw_tilesize64x32x64_stage4_warpsize2x2x1_g1_tensor16x8x8_alignc4_execute_kernel_cudnn_infer,24.58,4.51,21.55,45.52,122,"    8,    4,    2","  128,    1,    1"
237,7.73,bn_fw_inf_1C11_kernel_NCHW,..bn_fw_inf_1C11_kernel_NCHW..,4.58,0.35,3.00,7.60,20,"  256,    1,    1","   64,    1,    1"
238,9.24,vectorized_elementwise_kernel,..launch_clamp_scalar..,3.04,0.28,1.28,9.56,18,"   98,    1,    1","  128,    1,    1"
239,18.77,Kernel2,..cutlass_80_tensorop_s1688gemm_64x64_32x6_nn_align4..,13.28,2.49,17.75,36.32,96,"   64,    1,    1","  128,    1,    1"
240,5.73,bn_fw_inf_1C11_kernel_NCHW,..bn_fw_inf_1C11_kernel_NCHW..,5.57,0.32,10.31,28.67,20," 1024,    1,    1","   64,    1,    1"
241,5.82,vectorized_elementwise_kernel,..vectorized_elementwise_kernel..,5.12,0.30,2.18,42.30,22,"  392,    1,    1","  128,    1,    1"
242,7.00,vectorized_elementwise_kernel,..launch_clamp_scalar..,4,0.28,4.01,32.97,18,"  392,    1,    1","  128,    1,    1"
243,22.49,Kernel2,..cutlass_80_tensorop_s1688gemm_64x128_32x3_nn_align4..,17.38,3.91,13.41,21.87,148,"    8,    1,    5","  128,    1,    1"
244,6.25,splitKreduce_kernel,..splitKreduce_kernel..,4.77,0.30,8.85,29.33,44,"    7,   16,    1","   32,   16,    1"
245,7.81,bn_fw_inf_1C11_kernel_NCHW,..bn_fw_inf_1C11_kernel_NCHW..,4.67,0.36,3.01,8.29,20,"  256,    1,    1","   64,    1,    1"
246,9.00,vectorized_elementwise_kernel,..launch_clamp_scalar..,3.07,0.28,1.31,10.44,18,"   98,    1,    1","  128,    1,    1"
247,14.03,nchwToNhwcKernel,..nchw2nhwc_params_t..,3.87,0.54,3.53,7.33,33,"    7,    8,    1","  256,    1,    1"
248,6.48,nchwToNhwcKernel,..nchw2nhwc_params_t..,10.05,0.65,47.59,48.14,33,"    1,    8,  256","  256,    1,    1"
249,18.30,sm86_xmma_fprop_implicit_gemm_indexed_tf32f32_tf32f32_f32_nhwckrsc_nchw_tilesize64x32x64_stage4_warpsize2x2x1_g1_tensor16x8x8_alignc4_execute_kernel_cudnn_infer,sm86_xmma_fprop_implicit_gemm_indexed_tf32f32_tf32f32_f32_nhwckrsc_nchw_tilesize64x32x64_stage4_warpsize2x2x1_g1_tensor16x8x8_alignc4_execute_kernel_cudnn_infer,24.54,4.49,21.34,45.61,122,"    8,    4,    2","  128,    1,    1"
250,8.86,bn_fw_inf_1C11_kernel_NCHW,..bn_fw_inf_1C11_kernel_NCHW..,4.64,0.41,2.81,8.94,20,"  256,    1,    1","   64,    1,    1"
251,7.29,vectorized_elementwise_kernel,..launch_clamp_scalar..,2.98,0.22,1.27,9.45,18,"   98,    1,    1","  128,    1,    1"
252,18.74,Kernel2,..cutlass_80_tensorop_s1688gemm_64x64_32x6_nn_align4..,13.38,2.51,17.75,36.13,96,"   64,    1,    1","  128,    1,    1"
253,7.24,bn_fw_inf_1C11_kernel_NCHW,..bn_fw_inf_1C11_kernel_NCHW..,5.54,0.40,10.02,30.70,20," 1024,    1,    1","   64,    1,    1"
254,5.19,vectorized_elementwise_kernel,..vectorized_elementwise_kernel..,5.15,0.27,2.38,42.94,22,"  392,    1,    1","  128,    1,    1"
255,7.61,vectorized_elementwise_kernel,..launch_clamp_scalar..,4.03,0.31,3.84,28.58,18,"  392,    1,    1","  128,    1,    1"
256,22.64,Kernel2,..cutlass_80_tensorop_s1688gemm_64x128_32x3_nn_align4..,17.31,3.92,13.49,21.94,148,"    8,    1,    5","  128,    1,    1"
257,7.65,splitKreduce_kernel,..splitKreduce_kernel..,4.70,0.36,8.81,28.38,44,"    7,   16,    1","   32,   16,    1"
258,8.24,bn_fw_inf_1C11_kernel_NCHW,..bn_fw_inf_1C11_kernel_NCHW..,4.67,0.39,2.88,9.09,20,"  256,    1,    1","   64,    1,    1"
259,6.66,vectorized_elementwise_kernel,..launch_clamp_scalar..,3.04,0.20,1.20,10.35,18,"   98,    1,    1","  128,    1,    1"
260,13.69,nchwToNhwcKernel,..nchw2nhwc_params_t..,3.84,0.53,3.44,7.36,33,"    7,    8,    1","  256,    1,    1"
261,6.82,nchwToNhwcKernel,..nchw2nhwc_params_t..,10.11,0.69,46.29,43.47,33,"    1,    8,  256","  256,    1,    1"
262,18.17,sm86_xmma_fprop_implicit_gemm_indexed_tf32f32_tf32f32_f32_nhwckrsc_nchw_tilesize64x32x64_stage4_warpsize2x2x1_g1_tensor16x8x8_alignc4_execute_kernel_cudnn_infer,sm86_xmma_fprop_implicit_gemm_indexed_tf32f32_tf32f32_f32_nhwckrsc_nchw_tilesize64x32x64_stage4_warpsize2x2x1_g1_tensor16x8x8_alignc4_execute_kernel_cudnn_infer,24.61,4.47,21.29,45.49,122,"    8,    4,    2","  128,    1,    1"
263,8.05,bn_fw_inf_1C11_kernel_NCHW,..bn_fw_inf_1C11_kernel_NCHW..,4.67,0.38,2.91,8.51,20,"  256,    1,    1","   64,    1,    1"
264,9.01,vectorized_elementwise_kernel,..launch_clamp_scalar..,2.98,0.27,1.29,10.12,18,"   98,    1,    1","  128,    1,    1"
265,19.00,Kernel2,..cutlass_80_tensorop_s1688gemm_64x64_32x6_nn_align4..,13.38,2.54,17.65,36.11,96,"   64,    1,    1","  128,    1,    1"
266,7.24,bn_fw_inf_1C11_kernel_NCHW,..bn_fw_inf_1C11_kernel_NCHW..,5.34,0.39,10.23,26.52,20," 1024,    1,    1","   64,    1,    1"
267,8.78,vectorized_elementwise_kernel,..vectorized_elementwise_kernel..,5.06,0.44,2.48,43.61,22,"  392,    1,    1","  128,    1,    1"
268,7.76,vectorized_elementwise_kernel,..launch_clamp_scalar..,4,0.31,3.99,32.77,18,"  392,    1,    1","  128,    1,    1"
269,22.66,Kernel2,..cutlass_80_tensorop_s1688gemm_64x128_32x3_nn_align4..,17.34,3.93,13.46,21.96,148,"    8,    1,    5","  128,    1,    1"
270,7.07,splitKreduce_kernel,..splitKreduce_kernel..,4.83,0.34,9.76,30.61,44,"    7,   16,    1","   32,   16,    1"
271,6.87,bn_fw_inf_1C11_kernel_NCHW,..bn_fw_inf_1C11_kernel_NCHW..,4.64,0.32,3.00,7.68,20,"  256,    1,    1","   64,    1,    1"
272,9.71,vectorized_elementwise_kernel,..launch_clamp_scalar..,2.94,0.29,1.24,10.50,18,"   98,    1,    1","  128,    1,    1"
273,14.84,nchwToNhwcKernel,..nchw2nhwc_params_t..,3.71,0.55,3.55,7.63,33,"    7,    8,    1","  256,    1,    1"
274,6.46,nchwToNhwcKernel,..nchw2nhwc_params_t..,10.21,0.66,45.70,46.25,33,"    1,    8,  256","  256,    1,    1"
275,18.19,sm86_xmma_fprop_implicit_gemm_indexed_tf32f32_tf32f32_f32_nhwckrsc_nchw_tilesize64x32x64_stage4_warpsize2x2x1_g1_tensor16x8x8_alignc4_execute_kernel_cudnn_infer,sm86_xmma_fprop_implicit_gemm_indexed_tf32f32_tf32f32_f32_nhwckrsc_nchw_tilesize64x32x64_stage4_warpsize2x2x1_g1_tensor16x8x8_alignc4_execute_kernel_cudnn_infer,24.48,4.45,21.39,45.70,122,"    8,    4,    2","  128,    1,    1"
276,8.70,bn_fw_inf_1C11_kernel_NCHW,..bn_fw_inf_1C11_kernel_NCHW..,4.77,0.41,2.96,9.07,20,"  256,    1,    1","   64,    1,    1"
277,6.20,vectorized_elementwise_kernel,..launch_clamp_scalar..,3.04,0.19,1.26,10.74,18,"   98,    1,    1","  128,    1,    1"
278,18.84,Kernel2,..cutlass_80_tensorop_s1688gemm_64x64_32x6_nn_align4..,13.47,2.54,17.64,35.85,96,"   64,    1,    1","  128,    1,    1"
279,9.50,bn_fw_inf_1C11_kernel_NCHW,..bn_fw_inf_1C11_kernel_NCHW..,5.47,0.52,10.06,28.29,20," 1024,    1,    1","   64,    1,    1"
280,5.12,vectorized_elementwise_kernel,..vectorized_elementwise_kernel..,4.99,0.26,2.46,41.63,22,"  392,    1,    1","  128,    1,    1"
281,6.54,vectorized_elementwise_kernel,..launch_clamp_scalar..,4.10,0.27,3.89,30.84,18,"  392,    1,    1","  128,    1,    1"
282,22.92,Kernel2,..cutlass_80_tensorop_s1688gemm_64x128_32x3_nn_align4..,17.28,3.96,13.42,22.00,148,"    8,    1,    5","  128,    1,    1"
283,6.90,splitKreduce_kernel,..splitKreduce_kernel..,4.86,0.34,8.53,29.12,44,"    7,   16,    1","   32,   16,    1"
284,9.28,bn_fw_inf_1C11_kernel_NCHW,..bn_fw_inf_1C11_kernel_NCHW..,4.61,0.43,2.87,8.35,20,"  256,    1,    1","   64,    1,    1"
285,6.63,vectorized_elementwise_kernel,..launch_clamp_scalar..,2.98,0.20,1.26,10.35,18,"   98,    1,    1","  128,    1,    1"
286,14.25,nchwToNhwcKernel,..nchw2nhwc_params_t..,3.78,0.54,3.43,7.43,33,"    7,    8,    1","  256,    1,    1"
287,6.86,nchwToNhwcKernel,..nchw2nhwc_params_t..,10.11,0.69,47.14,47.60,33,"    1,    8,  256","  256,    1,    1"
288,18.25,sm86_xmma_fprop_implicit_gemm_indexed_tf32f32_tf32f32_f32_nhwckrsc_nchw_tilesize64x32x64_stage4_warpsize2x2x1_g1_tensor16x8x8_alignc4_execute_kernel_cudnn_infer,sm86_xmma_fprop_implicit_gemm_indexed_tf32f32_tf32f32_f32_nhwckrsc_nchw_tilesize64x32x64_stage4_warpsize2x2x1_g1_tensor16x8x8_alignc4_execute_kernel_cudnn_infer,24.54,4.48,21.31,45.56,122,"    8,    4,    2","  128,    1,    1"
289,6.99,bn_fw_inf_1C11_kernel_NCHW,..bn_fw_inf_1C11_kernel_NCHW..,4.67,0.33,2.90,7.54,20,"  256,    1,    1","   64,    1,    1"
290,8.78,vectorized_elementwise_kernel,..launch_clamp_scalar..,3.04,0.27,1.30,9.73,18,"   98,    1,    1","  128,    1,    1"
291,18.68,Kernel2,..cutlass_80_tensorop_s1688gemm_64x64_32x6_nn_align4..,13.41,2.50,17.51,36.01,96,"   64,    1,    1","  128,    1,    1"
292,5.66,bn_fw_inf_1C11_kernel_NCHW,..bn_fw_inf_1C11_kernel_NCHW..,5.63,0.32,10.17,28.53,20," 1024,    1,    1","   64,    1,    1"
293,5.91,vectorized_elementwise_kernel,..vectorized_elementwise_kernel..,5.09,0.30,2.22,42.41,22,"  392,    1,    1","  128,    1,    1"
294,7.54,vectorized_elementwise_kernel,..launch_clamp_scalar..,3.94,0.30,4.02,31.40,18,"  392,    1,    1","  128,    1,    1"
295,22.65,Kernel2,..cutlass_80_tensorop_s1688gemm_64x128_32x3_nn_align4..,17.28,3.91,13.38,22.00,148,"    8,    1,    5","  128,    1,    1"
296,5.72,splitKreduce_kernel,..splitKreduce_kernel..,4.90,0.28,9.15,30.28,44,"    7,   16,    1","   32,   16,    1"
297,7.57,bn_fw_inf_1C11_kernel_NCHW,..bn_fw_inf_1C11_kernel_NCHW..,4.61,0.35,2.91,8.12,20,"  256,    1,    1","   64,    1,    1"
298,8.99,vectorized_elementwise_kernel,..launch_clamp_scalar..,3.04,0.27,1.24,9.26,18,"   98,    1,    1","  128,    1,    1"
299,14.42,nchwToNhwcKernel,..nchw2nhwc_params_t..,3.71,0.54,3.48,7.70,33,"    7,    8,    1","  256,    1,    1"
300,6.77,nchwToNhwcKernel,..nchw2nhwc_params_t..,10.18,0.69,48.22,47.41,33,"    1,    8,  256","  256,    1,    1"
301,18.25,sm86_xmma_fprop_implicit_gemm_indexed_tf32f32_tf32f32_f32_nhwckrsc_nchw_tilesize64x32x64_stage4_warpsize2x2x1_g1_tensor16x8x8_alignc4_execute_kernel_cudnn_infer,sm86_xmma_fprop_implicit_gemm_indexed_tf32f32_tf32f32_f32_nhwckrsc_nchw_tilesize64x32x64_stage4_warpsize2x2x1_g1_tensor16x8x8_alignc4_execute_kernel_cudnn_infer,24.61,4.49,21.43,45.49,122,"    8,    4,    2","  128,    1,    1"
302,8.70,bn_fw_inf_1C11_kernel_NCHW,..bn_fw_inf_1C11_kernel_NCHW..,4.70,0.41,2.95,8.77,20,"  256,    1,    1","   64,    1,    1"
303,7.40,vectorized_elementwise_kernel,..launch_clamp_scalar..,2.98,0.22,1.26,9.78,18,"   98,    1,    1","  128,    1,    1"
304,18.33,Kernel2,..cutlass_80_tensorop_s1688gemm_64x64_32x6_nn_align4..,13.50,2.48,17.60,35.80,96,"   64,    1,    1","  128,    1,    1"
305,8.72,bn_fw_inf_1C11_kernel_NCHW,..bn_fw_inf_1C11_kernel_NCHW..,5.66,0.49,10.05,29.98,20," 1024,    1,    1","   64,    1,    1"
306,8.19,vectorized_elementwise_kernel,..vectorized_elementwise_kernel..,5.06,0.41,2.42,42.62,22,"  392,    1,    1","  128,    1,    1"
307,7.41,vectorized_elementwise_kernel,..launch_clamp_scalar..,4.19,0.31,3.73,31.03,18,"  392,    1,    1","  128,    1,    1"
308,22.67,Kernel2,..cutlass_80_tensorop_s1688gemm_64x128_32x3_nn_align4..,17.31,3.92,13.43,21.97,148,"    8,    1,    5","  128,    1,    1"
309,7.21,splitKreduce_kernel,..splitKreduce_kernel..,4.83,0.35,8.96,30.32,44,"    7,   16,    1","   32,   16,    1"
310,8.23,bn_fw_inf_1C11_kernel_NCHW,..bn_fw_inf_1C11_kernel_NCHW..,4.70,0.39,2.79,8.99,20,"  256,    1,    1","   64,    1,    1"
311,8.74,vectorized_elementwise_kernel,..launch_clamp_scalar..,2.98,0.26,1.24,10.77,18,"   98,    1,    1","  128,    1,    1"
312,13.76,nchwToNhwcKernel,..nchw2nhwc_params_t..,3.81,0.52,3.47,8.77,33,"    7,    8,    1","  256,    1,    1"
313,6.09,nchwToNhwcKernel,..nchw2nhwc_params_t..,10.14,0.62,44.35,44.64,33,"    1,    8,  256","  256,    1,    1"
314,18.48,sm86_xmma_fprop_implicit_gemm_indexed_tf32f32_tf32f32_f32_nhwckrsc_nchw_tilesize64x32x64_stage4_warpsize2x2x1_g1_tensor16x8x8_alignc4_execute_kernel_cudnn_infer,sm86_xmma_fprop_implicit_gemm_indexed_tf32f32_tf32f32_f32_nhwckrsc_nchw_tilesize64x32x64_stage4_warpsize2x2x1_g1_tensor16x8x8_alignc4_execute_kernel_cudnn_infer,24.42,4.51,21.33,45.83,122,"    8,    4,    2","  128,    1,    1"
315,6.25,bn_fw_inf_1C11_kernel_NCHW,..bn_fw_inf_1C11_kernel_NCHW..,4.64,0.29,2.91,7.48,20,"  256,    1,    1","   64,    1,    1"
316,9.36,vectorized_elementwise_kernel,..launch_clamp_scalar..,2.94,0.28,1.28,9.73,18,"   98,    1,    1","  128,    1,    1"
317,18.80,Kernel2,..cutlass_80_tensorop_s1688gemm_64x64_32x6_nn_align4..,13.38,2.51,17.54,36.11,96,"   64,    1,    1","  128,    1,    1"
318,7.12,bn_fw_inf_1C11_kernel_NCHW,..bn_fw_inf_1C11_kernel_NCHW..,5.82,0.41,10.23,27.39,20," 1024,    1,    1","   64,    1,    1"
319,7.95,vectorized_elementwise_kernel,..vectorized_elementwise_kernel..,5.02,0.40,2.44,42.22,22,"  392,    1,    1","  128,    1,    1"
320,8.13,vectorized_elementwise_kernel,..launch_clamp_scalar..,4.10,0.33,4.02,30.96,18,"  392,    1,    1","  128,    1,    1"
321,22.75,Kernel2,..cutlass_80_tensorop_s1688gemm_64x128_32x3_nn_align4..,17.34,3.95,13.48,21.97,148,"    8,    1,    5","  128,    1,    1"
322,6.28,splitKreduce_kernel,..splitKreduce_kernel..,4.80,0.30,9.02,27.49,44,"    7,   16,    1","   32,   16,    1"
323,7.93,bn_fw_inf_1C11_kernel_NCHW,..bn_fw_inf_1C11_kernel_NCHW..,4.58,0.36,3.03,7.37,20,"  256,    1,    1","   64,    1,    1"
324,8.98,vectorized_elementwise_kernel,..launch_clamp_scalar..,2.94,0.26,1.30,9.90,18,"   98,    1,    1","  128,    1,    1"
325,14.12,nchwToNhwcKernel,..nchw2nhwc_params_t..,3.81,0.54,3.52,7.44,33,"    7,    8,    1","  256,    1,    1"
326,6.43,nchwToNhwcKernel,..nchw2nhwc_params_t..,10.11,0.65,47.39,48.33,33,"    1,    8,  256","  256,    1,    1"
327,17.75,sm86_xmma_fprop_implicit_gemm_indexed_tf32f32_tf32f32_f32_nhwckrsc_nchw_tilesize64x32x64_stage4_warpsize2x2x1_g1_tensor16x8x8_alignc4_execute_kernel_cudnn_infer,sm86_xmma_fprop_implicit_gemm_indexed_tf32f32_tf32f32_f32_nhwckrsc_nchw_tilesize64x32x64_stage4_warpsize2x2x1_g1_tensor16x8x8_alignc4_execute_kernel_cudnn_infer,24.61,4.37,21.24,45.46,122,"    8,    4,    2","  128,    1,    1"
328,9.11,bn_fw_inf_1C11_kernel_NCHW,..bn_fw_inf_1C11_kernel_NCHW..,4.64,0.42,2.97,8.24,20,"  256,    1,    1","   64,    1,    1"
329,6.76,vectorized_elementwise_kernel,..launch_clamp_scalar..,2.98,0.20,1.21,10.55,18,"   98,    1,    1","  128,    1,    1"
330,18.61,Kernel2,..cutlass_80_tensorop_s1688gemm_64x64_32x6_nn_align4..,13.44,2.50,17.51,35.90,96,"   64,    1,    1","  128,    1,    1"
331,8.40,bn_fw_inf_1C11_kernel_NCHW,..bn_fw_inf_1C11_kernel_NCHW..,5.79,0.49,9.97,27.22,20," 1024,    1,    1","   64,    1,    1"
332,5.69,vectorized_elementwise_kernel,..vectorized_elementwise_kernel..,5.09,0.29,2.46,43.62,22,"  392,    1,    1","  128,    1,    1"
333,8.21,vectorized_elementwise_kernel,..launch_clamp_scalar..,4.16,0.34,3.84,30.52,18,"  392,    1,    1","  128,    1,    1"
334,22.58,Kernel2,..cutlass_80_tensorop_s1688gemm_64x128_32x3_nn_align4..,17.41,3.93,13.40,21.88,148,"    8,    1,    5","  128,    1,    1"
335,8.09,splitKreduce_kernel,..splitKreduce_kernel..,4.96,0.40,8.90,29.32,44,"    7,   16,    1","   32,   16,    1"
336,9.03,bn_fw_inf_1C11_kernel_NCHW,..bn_fw_inf_1C11_kernel_NCHW..,4.61,0.42,2.93,9.25,20,"  256,    1,    1","   64,    1,    1"
337,7.12,vectorized_elementwise_kernel,..launch_clamp_scalar..,3.01,0.21,1.26,10.16,18,"   98,    1,    1","  128,    1,    1"
338,14.53,nchwToNhwcKernel,..nchw2nhwc_params_t..,3.74,0.54,3.46,7.50,33,"    7,    8,    1","  256,    1,    1"
339,7.40,nchwToNhwcKernel,..nchw2nhwc_params_t..,10.24,0.76,47.29,46.40,33,"    1,    8,  256","  256,    1,    1"
340,18.53,sm86_xmma_fprop_implicit_gemm_indexed_tf32f32_tf32f32_f32_nhwckrsc_nchw_tilesize64x32x64_stage4_warpsize2x2x1_g1_tensor16x8x8_alignc4_execute_kernel_cudnn_infer,sm86_xmma_fprop_implicit_gemm_indexed_tf32f32_tf32f32_f32_nhwckrsc_nchw_tilesize64x32x64_stage4_warpsize2x2x1_g1_tensor16x8x8_alignc4_execute_kernel_cudnn_infer,24.61,4.56,21.41,45.47,122,"    8,    4,    2","  128,    1,    1"
341,7.57,bn_fw_inf_1C11_kernel_NCHW,..bn_fw_inf_1C11_kernel_NCHW..,4.61,0.35,2.98,8.63,20,"  256,    1,    1","   64,    1,    1"
342,9.08,vectorized_elementwise_kernel,..launch_clamp_scalar..,2.94,0.27,1.29,10.72,18,"   98,    1,    1","  128,    1,    1"
343,18.79,Kernel2,..cutlass_80_tensorop_s1688gemm_64x64_32x6_nn_align4..,13.41,2.52,17.65,36.02,96,"   64,    1,    1","  128,    1,    1"
344,7.22,bn_fw_inf_1C11_kernel_NCHW,..bn_fw_inf_1C11_kernel_NCHW..,5.70,0.41,10.22,29.14,20," 1024,    1,    1","   64,    1,    1"
345,6.57,vectorized_elementwise_kernel,..vectorized_elementwise_kernel..,5.15,0.34,2.42,42.44,22,"  392,    1,    1","  128,    1,    1"
346,7.66,vectorized_elementwise_kernel,..launch_clamp_scalar..,4.03,0.31,3.58,30.60,18,"  392,    1,    1","  128,    1,    1"
347,22.59,Kernel2,..cutlass_80_tensorop_s1688gemm_64x128_32x3_nn_align4..,17.28,3.90,13.50,22.03,148,"    8,    1,    5","  128,    1,    1"
348,8.58,splitKreduce_kernel,..splitKreduce_kernel..,4.77,0.41,9.52,28.05,44,"    7,   16,    1","   32,   16,    1"
349,7.17,bn_fw_inf_1C11_kernel_NCHW,..bn_fw_inf_1C11_kernel_NCHW..,4.64,0.33,3.02,8.66,20,"  256,    1,    1","   64,    1,    1"
350,9.27,vectorized_elementwise_kernel,..launch_clamp_scalar..,2.98,0.28,1.30,10.46,18,"   98,    1,    1","  128,    1,    1"
351,14.41,nchwToNhwcKernel,..nchw2nhwc_params_t..,3.78,0.54,3.48,7.45,33,"    7,    8,    1","  256,    1,    1"
352,7.08,nchwToNhwcKernel,..nchw2nhwc_params_t..,10.18,0.72,47.78,47.19,33,"    1,    8,  256","  256,    1,    1"
353,18.20,sm86_xmma_fprop_implicit_gemm_indexed_tf32f32_tf32f32_f32_nhwckrsc_nchw_tilesize64x32x64_stage4_warpsize2x2x1_g1_tensor16x8x8_alignc4_execute_kernel_cudnn_infer,sm86_xmma_fprop_implicit_gemm_indexed_tf32f32_tf32f32_f32_nhwckrsc_nchw_tilesize64x32x64_stage4_warpsize2x2x1_g1_tensor16x8x8_alignc4_execute_kernel_cudnn_infer,24.61,4.48,21.43,45.51,122,"    8,    4,    2","  128,    1,    1"
354,12.06,bn_fw_inf_1C11_kernel_NCHW,..bn_fw_inf_1C11_kernel_NCHW..,4.61,0.56,2.92,7.85,20,"  256,    1,    1","   64,    1,    1"
355,6.47,vectorized_elementwise_kernel,..launch_clamp_scalar..,2.98,0.19,1.26,9.68,18,"   98,    1,    1","  128,    1,    1"
356,18.38,Kernel2,..cutlass_80_tensorop_s1688gemm_64x64_32x6_nn_align4..,13.54,2.49,17.66,35.75,96,"   64,    1,    1","  128,    1,    1"
357,6.01,bn_fw_inf_1C11_kernel_NCHW,..bn_fw_inf_1C11_kernel_NCHW..,5.54,0.33,9.11,30.26,20," 1024,    1,    1","   64,    1,    1"
358,5.61,vectorized_elementwise_kernel,..vectorized_elementwise_kernel..,5.02,0.28,2.39,40.34,22,"  392,    1,    1","  128,    1,    1"
359,8.68,vectorized_elementwise_kernel,..launch_clamp_scalar..,4.13,0.36,3.76,31.19,18,"  392,    1,    1","  128,    1,    1"
360,22.56,Kernel2,..cutlass_80_tensorop_s1688gemm_64x128_32x3_nn_align4..,17.41,3.93,13.36,21.84,148,"    8,    1,    5","  128,    1,    1"
361,6.81,splitKreduce_kernel,..splitKreduce_kernel..,4.86,0.33,9.39,30.28,44,"    7,   16,    1","   32,   16,    1"
362,8.68,bn_fw_inf_1C11_kernel_NCHW,..bn_fw_inf_1C11_kernel_NCHW..,4.64,0.40,2.85,8.96,20,"  256,    1,    1","   64,    1,    1"
363,6.40,vectorized_elementwise_kernel,..launch_clamp_scalar..,3.10,0.20,1.22,9.61,18,"   98,    1,    1","  128,    1,    1"
364,14.06,nchwToNhwcKernel,..nchw2nhwc_params_t..,3.97,0.56,3.41,7.09,33,"    7,    8,    1","  256,    1,    1"
365,6.40,nchwToNhwcKernel,..nchw2nhwc_params_t..,10.24,0.66,47.50,46.56,33,"    1,    8,  256","  256,    1,    1"
366,17.99,sm86_xmma_fprop_implicit_gemm_indexed_tf32f32_tf32f32_f32_nhwckrsc_nchw_tilesize64x32x64_stage4_warpsize2x2x1_g1_tensor16x8x8_alignc4_execute_kernel_cudnn_infer,sm86_xmma_fprop_implicit_gemm_indexed_tf32f32_tf32f32_f32_nhwckrsc_nchw_tilesize64x32x64_stage4_warpsize2x2x1_g1_tensor16x8x8_alignc4_execute_kernel_cudnn_infer,24.48,4.40,21.46,45.69,122,"    8,    4,    2","  128,    1,    1"
367,6.46,bn_fw_inf_1C11_kernel_NCHW,..bn_fw_inf_1C11_kernel_NCHW..,4.64,0.30,3.00,8.07,20,"  256,    1,    1","   64,    1,    1"
368,9.02,vectorized_elementwise_kernel,..launch_clamp_scalar..,2.94,0.27,1.29,9.61,18,"   98,    1,    1","  128,    1,    1"
369,18.35,Kernel2,..cutlass_80_tensorop_s1688gemm_64x64_32x6_nn_align4..,13.31,2.44,17.55,36.26,96,"   64,    1,    1","  128,    1,    1"
370,5.68,bn_fw_inf_1C11_kernel_NCHW,..bn_fw_inf_1C11_kernel_NCHW..,5.57,0.32,10.21,29.85,20," 1024,    1,    1","   64,    1,    1"
371,5.81,vectorized_elementwise_kernel,..vectorized_elementwise_kernel..,5.06,0.29,2.15,42.12,22,"  392,    1,    1","  128,    1,    1"
372,6.99,vectorized_elementwise_kernel,..launch_clamp_scalar..,4.26,0.30,3.72,33.62,18,"  392,    1,    1","  128,    1,    1"
373,22.68,Kernel2,..cutlass_80_tensorop_s1688gemm_64x128_32x3_nn_align4..,17.25,3.91,13.48,22.05,148,"    8,    1,    5","  128,    1,    1"
374,7.15,splitKreduce_kernel,..splitKreduce_kernel..,4.93,0.35,8.91,27.06,44,"    7,   16,    1","   32,   16,    1"
375,8.01,bn_fw_inf_1C11_kernel_NCHW,..bn_fw_inf_1C11_kernel_NCHW..,4.61,0.37,2.86,9.17,20,"  256,    1,    1","   64,    1,    1"
376,8.66,vectorized_elementwise_kernel,..launch_clamp_scalar..,3.14,0.27,1.30,9.27,18,"   98,    1,    1","  128,    1,    1"
377,13.17,nchwToNhwcKernel,..nchw2nhwc_params_t..,3.78,0.50,3.35,7.68,33,"    7,    8,    1","  256,    1,    1"
378,6.23,nchwToNhwcKernel,..nchw2nhwc_params_t..,10.14,0.63,48.04,47.24,33,"    1,    8,  256","  256,    1,    1"
379,18.29,sm86_xmma_fprop_implicit_gemm_indexed_tf32f32_tf32f32_f32_nhwckrsc_nchw_tilesize64x32x64_stage4_warpsize2x2x1_g1_tensor16x8x8_alignc4_execute_kernel_cudnn_infer,sm86_xmma_fprop_implicit_gemm_indexed_tf32f32_tf32f32_f32_nhwckrsc_nchw_tilesize64x32x64_stage4_warpsize2x2x1_g1_tensor16x8x8_alignc4_execute_kernel_cudnn_infer,24.42,4.47,21.49,45.87,122,"    8,    4,    2","  128,    1,    1"
380,7.95,bn_fw_inf_1C11_kernel_NCHW,..bn_fw_inf_1C11_kernel_NCHW..,4.80,0.38,2.91,7.77,20,"  256,    1,    1","   64,    1,    1"
381,6.49,vectorized_elementwise_kernel,..launch_clamp_scalar..,3.04,0.20,1.22,9.42,18,"   98,    1,    1","  128,    1,    1"
382,18.73,Kernel2,..cutlass_80_tensorop_s1688gemm_64x64_32x6_nn_align4..,13.31,2.49,17.58,36.25,96,"   64,    1,    1","  128,    1,    1"
383,6.36,bn_fw_inf_1C11_kernel_NCHW,..bn_fw_inf_1C11_kernel_NCHW..,5.44,0.35,10.06,30.51,20," 1024,    1,    1","   64,    1,    1"
384,7.11,vectorized_elementwise_kernel,..vectorized_elementwise_kernel..,5.06,0.36,2.41,41.94,22,"  392,    1,    1","  128,    1,    1"
385,7.25,vectorized_elementwise_kernel,..launch_clamp_scalar..,4.10,0.30,3.78,32.25,18,"  392,    1,    1","  128,    1,    1"
386,22.66,Kernel2,..cutlass_80_tensorop_s1688gemm_64x128_32x3_nn_align4..,17.18,3.89,13.50,22.14,148,"    8,    1,    5","  128,    1,    1"
387,7.12,splitKreduce_kernel,..splitKreduce_kernel..,4.83,0.34,8.95,29.56,44,"    7,   16,    1","   32,   16,    1"
388,11.26,bn_fw_inf_1C11_kernel_NCHW,..bn_fw_inf_1C11_kernel_NCHW..,4.70,0.53,2.87,8.47,20,"  256,    1,    1","   64,    1,    1"
389,6.61,vectorized_elementwise_kernel,..launch_clamp_scalar..,2.98,0.20,1.28,10.33,18,"   98,    1,    1","  128,    1,    1"
390,13.49,nchwToNhwcKernel,..nchw2nhwc_params_t..,3.68,0.50,3.37,7.68,33,"    7,    8,    1","  256,    1,    1"
391,7.17,nchwToNhwcKernel,..nchw2nhwc_params_t..,10.24,0.73,47.81,47.46,33,"    1,    8,  256","  256,    1,    1"
392,18.32,sm86_xmma_fprop_implicit_gemm_indexed_tf32f32_tf32f32_f32_nhwckrsc_nchw_tilesize64x32x64_stage4_warpsize2x2x1_g1_tensor16x8x8_alignc4_execute_kernel_cudnn_infer,sm86_xmma_fprop_implicit_gemm_indexed_tf32f32_tf32f32_f32_nhwckrsc_nchw_tilesize64x32x64_stage4_warpsize2x2x1_g1_tensor16x8x8_alignc4_execute_kernel_cudnn_infer,24.38,4.47,21.48,45.86,122,"    8,    4,    2","  128,    1,    1"
393,8.31,bn_fw_inf_1C11_kernel_NCHW,..bn_fw_inf_1C11_kernel_NCHW..,4.70,0.39,2.99,7.43,20,"  256,    1,    1","   64,    1,    1"
394,8.73,vectorized_elementwise_kernel,..launch_clamp_scalar..,3.04,0.27,1.30,9.52,18,"   98,    1,    1","  128,    1,    1"
395,18.63,Kernel2,..cutlass_80_tensorop_s1688gemm_64x64_32x6_nn_align4..,13.41,2.50,17.48,36.07,96,"   64,    1,    1","  128,    1,    1"
396,6.76,bn_fw_inf_1C11_kernel_NCHW,..bn_fw_inf_1C11_kernel_NCHW..,5.38,0.36,10.22,26.78,20," 1024,    1,    1","   64,    1,    1"
397,6.69,vectorized_elementwise_kernel,..vectorized_elementwise_kernel..,5.28,0.35,2.45,41.23,22,"  392,    1,    1","  128,    1,    1"
398,6.64,vectorized_elementwise_kernel,..launch_clamp_scalar..,4.10,0.27,3.61,30.51,18,"  392,    1,    1","  128,    1,    1"
399,22.60,Kernel2,..cutlass_80_tensorop_s1688gemm_64x128_32x3_nn_align4..,17.28,3.91,13.43,22.00,148,"    8,    1,    5","  128,    1,    1"
400,6.65,splitKreduce_kernel,..splitKreduce_kernel..,4.83,0.32,9.46,30.09,44,"    7,   16,    1","   32,   16,    1"
401,6.46,bn_fw_inf_1C11_kernel_NCHW,..bn_fw_inf_1C11_kernel_NCHW..,4.54,0.29,2.97,8.04,20,"  256,    1,    1","   64,    1,    1"
402,8.69,vectorized_elementwise_kernel,..launch_clamp_scalar..,2.98,0.26,1.29,10.67,18,"   98,    1,    1","  128,    1,    1"
403,14.28,nchwToNhwcKernel,..nchw2nhwc_params_t..,3.68,0.53,3.51,7.72,33,"    7,    8,    1","  256,    1,    1"
404,6.61,nchwToNhwcKernel,..nchw2nhwc_params_t..,10.05,0.66,47.83,47.65,33,"    1,    8,  256","  256,    1,    1"
405,18.21,sm86_xmma_fprop_implicit_gemm_indexed_tf32f32_tf32f32_f32_nhwckrsc_nchw_tilesize64x32x64_stage4_warpsize2x2x1_g1_tensor16x8x8_alignc4_execute_kernel_cudnn_infer,sm86_xmma_fprop_implicit_gemm_indexed_tf32f32_tf32f32_f32_nhwckrsc_nchw_tilesize64x32x64_stage4_warpsize2x2x1_g1_tensor16x8x8_alignc4_execute_kernel_cudnn_infer,24.83,4.52,21.41,45.03,122,"    8,    4,    2","  128,    1,    1"
406,10.75,bn_fw_inf_1C11_kernel_NCHW,..bn_fw_inf_1C11_kernel_NCHW..,4.67,0.50,2.83,7.97,20,"  256,    1,    1","   64,    1,    1"
407,6.97,vectorized_elementwise_kernel,..launch_clamp_scalar..,3.10,0.22,1.26,9.35,18,"   98,    1,    1","  128,    1,    1"
408,18.63,Kernel2,..cutlass_80_tensorop_s1688gemm_64x64_32x6_nn_align4..,13.34,2.49,17.60,36.17,96,"   64,    1,    1","  128,    1,    1"
409,10.38,bn_fw_inf_1C11_kernel_NCHW,..bn_fw_inf_1C11_kernel_NCHW..,5.60,0.58,10.10,28.62,20," 1024,    1,    1","   64,    1,    1"
410,0.00,vectorized_elementwise_kernel,..vectorized_elementwise_kernel..,4.86,0.00,2.22,45.10,22,"  392,    1,    1","  128,    1,    1"
411,6.23,vectorized_elementwise_kernel,..launch_clamp_scalar..,4.16,0.26,3.59,30.65,18,"  392,    1,    1","  128,    1,    1"
412,22.48,Kernel2,..cutlass_80_tensorop_s1688gemm_64x128_32x3_nn_align4..,17.28,3.89,13.38,21.99,148,"    8,    1,    5","  128,    1,    1"
413,7.25,splitKreduce_kernel,..splitKreduce_kernel..,5.02,0.36,9.41,28.86,44,"    7,   16,    1","   32,   16,    1"
414,9.31,bn_fw_inf_1C11_kernel_NCHW,..bn_fw_inf_1C11_kernel_NCHW..,4.67,0.43,2.79,9.04,20,"  256,    1,    1","   64,    1,    1"
415,6.39,vectorized_elementwise_kernel,..launch_clamp_scalar..,3.14,0.20,1.23,9.28,18,"   98,    1,    1","  128,    1,    1"
416,13.98,nchwToNhwcKernel,..nchw2nhwc_params_t..,3.84,0.54,3.45,7.41,33,"    7,    8,    1","  256,    1,    1"
417,6.18,nchwToNhwcKernel,..nchw2nhwc_params_t..,10.18,0.63,44.53,43.78,33,"    1,    8,  256","  256,    1,    1"
418,18.27,sm86_xmma_fprop_implicit_gemm_indexed_tf32f32_tf32f32_f32_nhwckrsc_nchw_tilesize64x32x64_stage4_warpsize2x2x1_g1_tensor16x8x8_alignc4_execute_kernel_cudnn_infer,sm86_xmma_fprop_implicit_gemm_indexed_tf32f32_tf32f32_f32_nhwckrsc_nchw_tilesize64x32x64_stage4_warpsize2x2x1_g1_tensor16x8x8_alignc4_execute_kernel_cudnn_infer,24.77,4.52,21.45,45.17,122,"    8,    4,    2","  128,    1,    1"
419,6.19,bn_fw_inf_1C11_kernel_NCHW,..bn_fw_inf_1C11_kernel_NCHW..,4.67,0.29,2.99,7.96,20,"  256,    1,    1","   64,    1,    1"
420,8.76,vectorized_elementwise_kernel,..launch_clamp_scalar..,3.07,0.27,1.28,9.50,18,"   98,    1,    1","  128,    1,    1"
421,18.46,Kernel2,..cutlass_80_tensorop_s1688gemm_64x64_32x6_nn_align4..,13.34,2.46,17.47,36.29,96,"   64,    1,    1","  128,    1,    1"
422,6.20,bn_fw_inf_1C11_kernel_NCHW,..bn_fw_inf_1C11_kernel_NCHW..,5.50,0.34,9.42,28.65,20," 1024,    1,    1","   64,    1,    1"
423,7.42,vectorized_elementwise_kernel,..vectorized_elementwise_kernel..,5.09,0.38,2.43,39.82,22,"  392,    1,    1","  128,    1,    1"
424,9.18,vectorized_elementwise_kernel,..launch_clamp_scalar..,4.03,0.37,3.85,32.23,18,"  392,    1,    1","  128,    1,    1"
425,22.64,Kernel2,..cutlass_80_tensorop_s1688gemm_64x128_32x3_nn_align4..,17.34,3.93,13.38,21.94,148,"    8,    1,    5","  128,    1,    1"
426,6.58,splitKreduce_kernel,..splitKreduce_kernel..,4.77,0.31,9.16,28.73,44,"    7,   16,    1","   32,   16,    1"
427,6.68,bn_fw_inf_1C11_kernel_NCHW,..bn_fw_inf_1C11_kernel_NCHW..,4.61,0.31,3.04,7.70,20,"  256,    1,    1","   64,    1,    1"
428,9.43,vectorized_elementwise_kernel,..launch_clamp_scalar..,2.94,0.28,1.24,9.80,18,"   98,    1,    1","  128,    1,    1"
429,14.07,nchwToNhwcKernel,..nchw2nhwc_params_t..,3.71,0.52,3.55,7.63,33,"    7,    8,    1","  256,    1,    1"
430,5.69,nchwToNhwcKernel,..nchw2nhwc_params_t..,10.14,0.58,44.74,47.53,33,"    1,    8,  256","  256,    1,    1"
431,18.29,sm86_xmma_fprop_implicit_gemm_indexed_tf32f32_tf32f32_f32_nhwckrsc_nchw_tilesize64x32x64_stage4_warpsize2x2x1_g1_tensor16x8x8_alignc4_execute_kernel_cudnn_infer,sm86_xmma_fprop_implicit_gemm_indexed_tf32f32_tf32f32_f32_nhwckrsc_nchw_tilesize64x32x64_stage4_warpsize2x2x1_g1_tensor16x8x8_alignc4_execute_kernel_cudnn_infer,24.38,4.46,21.36,45.88,122,"    8,    4,    2","  128,    1,    1"
432,8.35,bn_fw_inf_1C11_kernel_NCHW,..bn_fw_inf_1C11_kernel_NCHW..,4.70,0.39,2.89,8.01,20,"  256,    1,    1","   64,    1,    1"
433,6.87,vectorized_elementwise_kernel,..launch_clamp_scalar..,2.98,0.20,1.26,9.47,18,"   98,    1,    1","  128,    1,    1"
434,18.24,Kernel2,..cutlass_80_tensorop_s1688gemm_64x64_32x6_nn_align4..,13.34,2.43,17.46,36.16,96,"   64,    1,    1","  128,    1,    1"
435,8.33,bn_fw_inf_1C11_kernel_NCHW,..bn_fw_inf_1C11_kernel_NCHW..,5.79,0.48,8.81,27.56,20," 1024,    1,    1","   64,    1,    1"
436,5.38,vectorized_elementwise_kernel,..vectorized_elementwise_kernel..,4.93,0.27,2.16,44.95,22,"  392,    1,    1","  128,    1,    1"
437,5.80,vectorized_elementwise_kernel,..launch_clamp_scalar..,4.10,0.24,3.43,30.99,18,"  392,    1,    1","  128,    1,    1"
438,22.58,Kernel2,..cutlass_80_tensorop_s1688gemm_64x128_32x3_nn_align4..,17.44,3.94,13.35,21.81,148,"    8,    1,    5","  128,    1,    1"
439,9.25,splitKreduce_kernel,..splitKreduce_kernel..,4.86,0.45,9.26,28.28,44,"    7,   16,    1","   32,   16,    1"
440,8.77,bn_fw_inf_1C11_kernel_NCHW,..bn_fw_inf_1C11_kernel_NCHW..,4.77,0.42,2.87,8.30,20,"  256,    1,    1","   64,    1,    1"
441,6.38,vectorized_elementwise_kernel,..launch_clamp_scalar..,3.07,0.20,1.22,9.56,18,"   98,    1,    1","  128,    1,    1"
442,14.01,nchwToNhwcKernel,..nchw2nhwc_params_t..,3.71,0.52,3.47,7.65,33,"    7,    8,    1","  256,    1,    1"
443,7.34,nchwToNhwcKernel,..nchw2nhwc_params_t..,10.11,0.74,47.13,43.38,33,"    1,    8,  256","  256,    1,    1"
444,18.17,sm86_xmma_fprop_implicit_gemm_indexed_tf32f32_tf32f32_f32_nhwckrsc_nchw_tilesize64x32x64_stage4_warpsize2x2x1_g1_tensor16x8x8_alignc4_execute_kernel_cudnn_infer,sm86_xmma_fprop_implicit_gemm_indexed_tf32f32_tf32f32_f32_nhwckrsc_nchw_tilesize64x32x64_stage4_warpsize2x2x1_g1_tensor16x8x8_alignc4_execute_kernel_cudnn_infer,24.38,4.43,21.51,45.85,122,"    8,    4,    2","  128,    1,    1"
445,7.91,bn_fw_inf_1C11_kernel_NCHW,..bn_fw_inf_1C11_kernel_NCHW..,4.64,0.37,3.01,9.25,20,"  256,    1,    1","   64,    1,    1"
446,9.94,vectorized_elementwise_kernel,..launch_clamp_scalar..,2.94,0.29,1.27,11.01,18,"   98,    1,    1","  128,    1,    1"
447,18.74,Kernel2,..cutlass_80_tensorop_s1688gemm_64x64_32x6_nn_align4..,13.41,2.51,17.58,35.98,96,"   64,    1,    1","  128,    1,    1"
448,6.27,bn_fw_inf_1C11_kernel_NCHW,..bn_fw_inf_1C11_kernel_NCHW..,5.54,0.35,10.20,28.46,20," 1024,    1,    1","   64,    1,    1"
449,8.82,vectorized_elementwise_kernel,..vectorized_elementwise_kernel..,4.93,0.43,2.33,42.71,22,"  392,    1,    1","  128,    1,    1"
450,8.09,vectorized_elementwise_kernel,..launch_clamp_scalar..,3.97,0.32,3.82,32.23,18,"  392,    1,    1","  128,    1,    1"
451,22.66,Kernel2,..cutlass_80_tensorop_s1688gemm_64x128_32x3_nn_align4..,17.34,3.93,13.42,21.92,148,"    8,    1,    5","  128,    1,    1"
452,6.39,splitKreduce_kernel,..splitKreduce_kernel..,4.90,0.31,9.61,29.44,44,"    7,   16,    1","   32,   16,    1"
453,6.79,bn_fw_inf_1C11_kernel_NCHW,..bn_fw_inf_1C11_kernel_NCHW..,4.61,0.31,3.03,7.82,20,"  256,    1,    1","   64,    1,    1"
454,9.61,vectorized_elementwise_kernel,..launch_clamp_scalar..,2.98,0.29,1.28,10.16,18,"   98,    1,    1","  128,    1,    1"
455,14.52,nchwToNhwcKernel,..nchw2nhwc_params_t..,3.78,0.55,3.53,7.49,33,"    7,    8,    1","  256,    1,    1"
456,6.62,nchwToNhwcKernel,..nchw2nhwc_params_t..,10.18,0.67,45.47,47.84,33,"    1,    8,  256","  256,    1,    1"
457,18.18,sm86_xmma_fprop_implicit_gemm_indexed_tf32f32_tf32f32_f32_nhwckrsc_nchw_tilesize64x32x64_stage4_warpsize2x2x1_g1_tensor16x8x8_alignc4_execute_kernel_cudnn_infer,sm86_xmma_fprop_implicit_gemm_indexed_tf32f32_tf32f32_f32_nhwckrsc_nchw_tilesize64x32x64_stage4_warpsize2x2x1_g1_tensor16x8x8_alignc4_execute_kernel_cudnn_infer,24.38,4.43,21.33,45.87,122,"    8,    4,    2","  128,    1,    1"
458,12.80,bn_fw_inf_1C11_kernel_NCHW,..bn_fw_inf_1C11_kernel_NCHW..,4.67,0.60,2.95,7.70,20,"  256,    1,    1","   64,    1,    1"
459,6.73,vectorized_elementwise_kernel,..launch_clamp_scalar..,3.04,0.20,1.24,9.66,18,"   98,    1,    1","  128,    1,    1"
460,18.66,Kernel2,..cutlass_80_tensorop_s1688gemm_64x64_32x6_nn_align4..,13.38,2.50,17.67,36.11,96,"   64,    1,    1","  128,    1,    1"
461,10.38,bn_fw_inf_1C11_kernel_NCHW,..bn_fw_inf_1C11_kernel_NCHW..,5.60,0.58,8.90,29.45,20," 1024,    1,    1","   64,    1,    1"
462,6.40,vectorized_elementwise_kernel,..vectorized_elementwise_kernel..,5.31,0.34,2.42,41.93,22,"  392,    1,    1","  128,    1,    1"
463,6.46,vectorized_elementwise_kernel,..launch_clamp_scalar..,4.26,0.27,3.59,30.45,18,"  392,    1,    1","  128,    1,    1"
464,22.72,Kernel2,..cutlass_80_tensorop_s1688gemm_64x128_32x3_nn_align4..,17.31,3.93,13.37,22.01,148,"    8,    1,    5","  128,    1,    1"
465,6.32,splitKreduce_kernel,..splitKreduce_kernel..,4.99,0.32,9.42,29.10,44,"    7,   16,    1","   32,   16,    1"
466,8.58,bn_fw_inf_1C11_kernel_NCHW,..bn_fw_inf_1C11_kernel_NCHW..,4.70,0.40,2.81,8.94,20,"  256,    1,    1","   64,    1,    1"
467,7.35,vectorized_elementwise_kernel,..launch_clamp_scalar..,2.98,0.22,1.27,10.72,18,"   98,    1,    1","  128,    1,    1"
468,13.84,nchwToNhwcKernel,..nchw2nhwc_params_t..,3.74,0.52,3.44,7.61,33,"    7,    8,    1","  256,    1,    1"
469,6.19,nchwToNhwcKernel,..nchw2nhwc_params_t..,10.34,0.64,47.42,45.66,33,"    1,    8,  256","  256,    1,    1"
470,18.23,sm86_xmma_fprop_implicit_gemm_indexed_tf32f32_tf32f32_f32_nhwckrsc_nchw_tilesize64x32x64_stage4_warpsize2x2x1_g1_tensor16x8x8_alignc4_execute_kernel_cudnn_infer,sm86_xmma_fprop_implicit_gemm_indexed_tf32f32_tf32f32_f32_nhwckrsc_nchw_tilesize64x32x64_stage4_warpsize2x2x1_g1_tensor16x8x8_alignc4_execute_kernel_cudnn_infer,24.54,4.47,21.37,45.56,122,"    8,    4,    2","  128,    1,    1"
471,6.79,bn_fw_inf_1C11_kernel_NCHW,..bn_fw_inf_1C11_kernel_NCHW..,4.61,0.31,3.02,8.65,20,"  256,    1,    1","   64,    1,    1"
472,9.16,vectorized_elementwise_kernel,..launch_clamp_scalar..,2.98,0.27,1.28,10.55,18,"   98,    1,    1","  128,    1,    1"
473,18.65,Kernel2,..cutlass_80_tensorop_s1688gemm_64x64_32x6_nn_align4..,13.25,2.47,17.75,36.46,96,"   64,    1,    1","  128,    1,    1"
474,5.95,bn_fw_inf_1C11_kernel_NCHW,..bn_fw_inf_1C11_kernel_NCHW..,5.70,0.34,9.29,29.16,20," 1024,    1,    1","   64,    1,    1"
475,7.49,vectorized_elementwise_kernel,..vectorized_elementwise_kernel..,5.06,0.38,2.38,42.47,22,"  392,    1,    1","  128,    1,    1"
476,9.44,vectorized_elementwise_kernel,..launch_clamp_scalar..,3.94,0.37,3.93,32.30,18,"  392,    1,    1","  128,    1,    1"
477,22.57,Kernel2,..cutlass_80_tensorop_s1688gemm_64x128_32x3_nn_align4..,17.41,3.93,13.42,21.83,148,"    8,    1,    5","  128,    1,    1"
478,5.70,splitKreduce_kernel,..splitKreduce_kernel..,4.74,0.27,9.07,28.81,44,"    7,   16,    1","   32,   16,    1"
479,7.28,bn_fw_inf_1C11_kernel_NCHW,..bn_fw_inf_1C11_kernel_NCHW..,4.74,0.34,3.01,8.90,20,"  256,    1,    1","   64,    1,    1"
480,9.65,vectorized_elementwise_kernel,..launch_clamp_scalar..,2.94,0.28,1.26,10.51,18,"   98,    1,    1","  128,    1,    1"
481,14.69,nchwToNhwcKernel,..nchw2nhwc_params_t..,3.74,0.55,3.56,7.57,33,"    7,    8,    1","  256,    1,    1"
482,6.99,nchwToNhwcKernel,..nchw2nhwc_params_t..,10.02,0.70,47.61,47.03,33,"    1,    8,  256","  256,    1,    1"
483,18.45,sm86_xmma_fprop_implicit_gemm_indexed_tf32f32_tf32f32_f32_nhwckrsc_nchw_tilesize64x32x64_stage4_warpsize2x2x1_g1_tensor16x8x8_alignc4_execute_kernel_cudnn_infer,sm86_xmma_fprop_implicit_gemm_indexed_tf32f32_tf32f32_f32_nhwckrsc_nchw_tilesize64x32x64_stage4_warpsize2x2x1_g1_tensor16x8x8_alignc4_execute_kernel_cudnn_infer,24.32,4.49,21.53,45.96,122,"    8,    4,    2","  128,    1,    1"
484,8.54,bn_fw_inf_1C11_kernel_NCHW,..bn_fw_inf_1C11_kernel_NCHW..,4.70,0.40,2.82,8.95,20,"  256,    1,    1","   64,    1,    1"
485,6.27,vectorized_elementwise_kernel,..launch_clamp_scalar..,3.01,0.19,1.24,13.08,18,"   98,    1,    1","  128,    1,    1"
486,18.53,Kernel2,..cutlass_80_tensorop_s1688gemm_64x64_32x6_nn_align4..,13.47,2.50,17.55,35.89,96,"   64,    1,    1","  128,    1,    1"
487,6.78,bn_fw_inf_1C11_kernel_NCHW,..bn_fw_inf_1C11_kernel_NCHW..,5.57,0.38,10.13,30.07,20," 1024,    1,    1","   64,    1,    1"
488,5.93,vectorized_elementwise_kernel,..vectorized_elementwise_kernel..,5.06,0.30,2.36,43.15,22,"  392,    1,    1","  128,    1,    1"
489,8.97,vectorized_elementwise_kernel,..launch_clamp_scalar..,4.06,0.36,3.93,31.53,18,"  392,    1,    1","  128,    1,    1"
490,22.68,Kernel2,..cutlass_80_tensorop_s1688gemm_64x128_32x3_nn_align4..,17.34,3.93,13.41,21.92,148,"    8,    1,    5","  128,    1,    1"
491,7.85,splitKreduce_kernel,..splitKreduce_kernel..,4.61,0.36,9.13,28.28,44,"    7,   16,    1","   32,   16,    1"
492,9.47,bn_fw_inf_1C11_kernel_NCHW,..bn_fw_inf_1C11_kernel_NCHW..,4.74,0.45,2.87,8.47,20,"  256,    1,    1","   64,    1,    1"
493,7.08,vectorized_elementwise_kernel,..launch_clamp_scalar..,3.01,0.21,1.26,11.60,18,"   98,    1,    1","  128,    1,    1"
494,13.81,nchwToNhwcKernel,..nchw2nhwc_params_t..,3.84,0.53,3.49,7.38,33,"    7,    8,    1","  256,    1,    1"
495,5.90,nchwToNhwcKernel,..nchw2nhwc_params_t..,10.27,0.61,47.60,47.00,33,"    1,    8,  256","  256,    1,    1"
496,18.22,sm86_xmma_fprop_implicit_gemm_indexed_tf32f32_tf32f32_f32_nhwckrsc_nchw_tilesize64x32x64_stage4_warpsize2x2x1_g1_tensor16x8x8_alignc4_execute_kernel_cudnn_infer,sm86_xmma_fprop_implicit_gemm_indexed_tf32f32_tf32f32_f32_nhwckrsc_nchw_tilesize64x32x64_stage4_warpsize2x2x1_g1_tensor16x8x8_alignc4_execute_kernel_cudnn_infer,24.32,4.43,21.39,46.07,122,"    8,    4,    2","  128,    1,    1"
497,7.84,bn_fw_inf_1C11_kernel_NCHW,..bn_fw_inf_1C11_kernel_NCHW..,4.58,0.36,3.03,7.70,20,"  256,    1,    1","   64,    1,    1"
498,9.45,vectorized_elementwise_kernel,..launch_clamp_scalar..,2.94,0.28,1.28,10.31,18,"   98,    1,    1","  128,    1,    1"
499,18.61,Kernel2,..cutlass_80_tensorop_s1688gemm_64x64_32x6_nn_align4..,13.41,2.49,17.62,36.05,96,"   64,    1,    1","  128,    1,    1"
500,5.78,bn_fw_inf_1C11_kernel_NCHW,..bn_fw_inf_1C11_kernel_NCHW..,5.60,0.32,9.30,29.79,20," 1024,    1,    1","   64,    1,    1"
501,7.59,vectorized_elementwise_kernel,..vectorized_elementwise_kernel..,5.02,0.38,2.41,43.52,22,"  392,    1,    1","  128,    1,    1"
502,7.57,vectorized_elementwise_kernel,..launch_clamp_scalar..,4.03,0.31,4.07,31.52,18,"  392,    1,    1","  128,    1,    1"
503,22.58,Kernel2,..cutlass_80_tensorop_s1688gemm_64x128_32x3_nn_align4..,17.28,3.90,13.42,22.00,148,"    8,    1,    5","  128,    1,    1"
504,5.83,splitKreduce_kernel,..splitKreduce_kernel..,4.74,0.28,9.47,28.31,44,"    7,   16,    1","   32,   16,    1"
505,6.71,bn_fw_inf_1C11_kernel_NCHW,..bn_fw_inf_1C11_kernel_NCHW..,4.64,0.31,2.99,7.83,20,"  256,    1,    1","   64,    1,    1"
506,8.89,vectorized_elementwise_kernel,..launch_clamp_scalar..,3.04,0.27,1.28,9.89,18,"   98,    1,    1","  128,    1,    1"
507,14.09,nchwToNhwcKernel,..nchw2nhwc_params_t..,3.74,0.53,3.54,7.50,33,"    7,    8,    1","  256,    1,    1"
508,6.99,nchwToNhwcKernel,..nchw2nhwc_params_t..,10.11,0.71,47.42,46.75,33,"    1,    8,  256","  256,    1,    1"
509,18.66,sm86_xmma_fprop_implicit_gemm_indexed_tf32f32_tf32f32_f32_nhwckrsc_nchw_tilesize64x32x64_stage4_warpsize2x2x1_g1_tensor16x8x8_alignc4_execute_kernel_cudnn_infer,sm86_xmma_fprop_implicit_gemm_indexed_tf32f32_tf32f32_f32_nhwckrsc_nchw_tilesize64x32x64_stage4_warpsize2x2x1_g1_tensor16x8x8_alignc4_execute_kernel_cudnn_infer,24.51,4.57,21.48,45.65,122,"    8,    4,    2","  128,    1,    1"
510,8.99,bn_fw_inf_1C11_kernel_NCHW,..bn_fw_inf_1C11_kernel_NCHW..,4.58,0.41,2.97,7.70,20,"  256,    1,    1","   64,    1,    1"
511,5.58,vectorized_elementwise_kernel,..launch_clamp_scalar..,3.58,0.20,1.25,8.27,18,"   98,    1,    1","  128,    1,    1"
512,18.31,Kernel2,..cutlass_80_tensorop_s1688gemm_64x64_32x6_nn_align4..,13.47,2.47,17.59,35.90,96,"   64,    1,    1","  128,    1,    1"
513,8.92,bn_fw_inf_1C11_kernel_NCHW,..bn_fw_inf_1C11_kernel_NCHW..,5.63,0.50,10.14,28.32,20," 1024,    1,    1","   64,    1,    1"
514,7.50,vectorized_elementwise_kernel,..vectorized_elementwise_kernel..,5.15,0.39,2.44,42.42,22,"  392,    1,    1","  128,    1,    1"
515,6.55,vectorized_elementwise_kernel,..launch_clamp_scalar..,4.22,0.28,3.84,30.14,18,"  392,    1,    1","  128,    1,    1"
516,22.54,Kernel2,..cutlass_80_tensorop_s1688gemm_64x128_32x3_nn_align4..,17.38,3.92,13.29,21.84,148,"    8,    1,    5","  128,    1,    1"
517,7.56,splitKreduce_kernel,..splitKreduce_kernel..,4.86,0.37,9.50,27.19,44,"    7,   16,    1","   32,   16,    1"
518,8.95,bn_fw_inf_1C11_kernel_NCHW,..bn_fw_inf_1C11_kernel_NCHW..,4.67,0.42,2.95,8.58,20,"  256,    1,    1","   64,    1,    1"
519,7.05,vectorized_elementwise_kernel,..launch_clamp_scalar..,2.94,0.21,1.26,10.56,18,"   98,    1,    1","  128,    1,    1"
520,14.61,nchwToNhwcKernel,..nchw2nhwc_params_t..,3.68,0.54,3.44,7.65,33,"    7,    8,    1","  256,    1,    1"
521,5.86,nchwToNhwcKernel,..nchw2nhwc_params_t..,10.27,0.60,47.24,47.56,33,"    1,    8,  256","  256,    1,    1"
522,18.28,sm86_xmma_fprop_implicit_gemm_indexed_tf32f32_tf32f32_f32_nhwckrsc_nchw_tilesize64x32x64_stage4_warpsize2x2x1_g1_tensor16x8x8_alignc4_execute_kernel_cudnn_infer,sm86_xmma_fprop_implicit_gemm_indexed_tf32f32_tf32f32_f32_nhwckrsc_nchw_tilesize64x32x64_stage4_warpsize2x2x1_g1_tensor16x8x8_alignc4_execute_kernel_cudnn_infer,24.35,4.45,21.37,45.96,122,"    8,    4,    2","  128,    1,    1"
523,6.87,bn_fw_inf_1C11_kernel_NCHW,..bn_fw_inf_1C11_kernel_NCHW..,4.67,0.32,3.00,7.43,20,"  256,    1,    1","   64,    1,    1"
524,8.61,vectorized_elementwise_kernel,..launch_clamp_scalar..,3.14,0.27,1.28,9.26,18,"   98,    1,    1","  128,    1,    1"
525,18.71,Kernel2,..cutlass_80_tensorop_s1688gemm_64x64_32x6_nn_align4..,13.28,2.48,17.65,36.42,96,"   64,    1,    1","  128,    1,    1"
526,7.02,bn_fw_inf_1C11_kernel_NCHW,..bn_fw_inf_1C11_kernel_NCHW..,5.50,0.39,9.58,29.48,20," 1024,    1,    1","   64,    1,    1"
527,6.39,vectorized_elementwise_kernel,..vectorized_elementwise_kernel..,4.99,0.32,2.17,42.12,22,"  392,    1,    1","  128,    1,    1"
528,8.56,vectorized_elementwise_kernel,..launch_clamp_scalar..,3.87,0.33,4.01,27.05,18,"  392,    1,    1","  128,    1,    1"
529,22.62,Kernel2,..cutlass_80_tensorop_s1688gemm_64x128_32x3_nn_align4..,17.31,3.92,13.42,21.98,148,"    8,    1,    5","  128,    1,    1"
530,7.99,splitKreduce_kernel,..splitKreduce_kernel..,4.83,0.39,9.39,29.52,44,"    7,   16,    1","   32,   16,    1"
531,9.49,bn_fw_inf_1C11_kernel_NCHW,..bn_fw_inf_1C11_kernel_NCHW..,4.61,0.44,2.97,8.15,20,"  256,    1,    1","   64,    1,    1"
532,9.94,vectorized_elementwise_kernel,..launch_clamp_scalar..,2.94,0.29,1.28,10.89,18,"   98,    1,    1","  128,    1,    1"
533,13.72,nchwToNhwcKernel,..nchw2nhwc_params_t..,3.90,0.54,3.38,7.24,33,"    7,    8,    1","  256,    1,    1"
534,7.17,nchwToNhwcKernel,..nchw2nhwc_params_t..,10.34,0.74,48.20,47.75,33,"    1,    8,  256","  256,    1,    1"
535,19.00,sm86_xmma_fprop_implicit_gemm_indexed_tf32f32_tf32f32_f32_nhwckrsc_nchw_tilesize64x32x64_stage4_warpsize2x2x1_g1_tensor16x8x8_alignc4_execute_kernel_cudnn_infer,sm86_xmma_fprop_implicit_gemm_indexed_tf32f32_tf32f32_f32_nhwckrsc_nchw_tilesize64x32x64_stage4_warpsize2x2x1_g1_tensor16x8x8_alignc4_execute_kernel_cudnn_infer,24.54,4.66,21.37,45.57,122,"    8,    4,    2","  128,    1,    1"
536,7.83,bn_fw_inf_1C11_kernel_NCHW,..bn_fw_inf_1C11_kernel_NCHW..,4.70,0.37,2.99,7.85,20,"  256,    1,    1","   64,    1,    1"
537,7.14,vectorized_elementwise_kernel,..launch_clamp_scalar..,3.07,0.22,1.26,9.41,18,"   98,    1,    1","  128,    1,    1"
538,18.79,Kernel2,..cutlass_80_tensorop_s1688gemm_64x64_32x6_nn_align4..,13.34,2.51,17.71,36.27,96,"   64,    1,    1","  128,    1,    1"
539,6.50,bn_fw_inf_1C11_kernel_NCHW,..bn_fw_inf_1C11_kernel_NCHW..,5.50,0.36,10.05,29.86,20," 1024,    1,    1","   64,    1,    1"
540,7.97,vectorized_elementwise_kernel,..vectorized_elementwise_kernel..,5.06,0.40,2.48,42.33,22,"  392,    1,    1","  128,    1,    1"
541,7.65,vectorized_elementwise_kernel,..launch_clamp_scalar..,4,0.31,3.49,32.08,18,"  392,    1,    1","  128,    1,    1"
542,22.57,Kernel2,..cutlass_80_tensorop_s1688gemm_64x128_32x3_nn_align4..,17.28,3.90,13.50,22.00,148,"    8,    1,    5","  128,    1,    1"
543,7.56,splitKreduce_kernel,..splitKreduce_kernel..,4.90,0.37,8.65,27.14,44,"    7,   16,    1","   32,   16,    1"
544,8.98,bn_fw_inf_1C11_kernel_NCHW,..bn_fw_inf_1C11_kernel_NCHW..,4.70,0.42,2.86,8.11,20,"  256,    1,    1","   64,    1,    1"
545,6.96,vectorized_elementwise_kernel,..launch_clamp_scalar..,3.07,0.21,1.22,9.39,18,"   98,    1,    1","  128,    1,    1"
546,13.68,nchwToNhwcKernel,..nchw2nhwc_params_t..,3.68,0.50,3.43,7.71,33,"    7,    8,    1","  256,    1,    1"
547,5.73,nchwToNhwcKernel,..nchw2nhwc_params_t..,10.18,0.58,47.01,43.42,33,"    1,    8,  256","  256,    1,    1"
548,18.14,sm86_xmma_fprop_implicit_gemm_indexed_tf32f32_tf32f32_f32_nhwckrsc_nchw_tilesize64x32x64_stage4_warpsize2x2x1_g1_tensor16x8x8_alignc4_execute_kernel_cudnn_infer,sm86_xmma_fprop_implicit_gemm_indexed_tf32f32_tf32f32_f32_nhwckrsc_nchw_tilesize64x32x64_stage4_warpsize2x2x1_g1_tensor16x8x8_alignc4_execute_kernel_cudnn_infer,24.45,4.44,21.36,45.81,122,"    8,    4,    2","  128,    1,    1"
549,9.21,bn_fw_inf_1C11_kernel_NCHW,..bn_fw_inf_1C11_kernel_NCHW..,4.67,0.43,2.96,8.65,20,"  256,    1,    1","   64,    1,    1"
550,9.64,vectorized_elementwise_kernel,..launch_clamp_scalar..,2.94,0.28,1.24,11.04,18,"   98,    1,    1","  128,    1,    1"
551,18.43,Kernel2,..cutlass_80_tensorop_s1688gemm_64x64_32x6_nn_align4..,13.44,2.48,17.72,36.01,96,"   64,    1,    1","  128,    1,    1"
552,7.93,bn_fw_inf_1C11_kernel_NCHW,..bn_fw_inf_1C11_kernel_NCHW..,5.66,0.45,10.18,29.18,20," 1024,    1,    1","   64,    1,    1"
553,7.35,vectorized_elementwise_kernel,..vectorized_elementwise_kernel..,5.02,0.37,2.24,43.71,22,"  392,    1,    1","  128,    1,    1"
554,7.89,vectorized_elementwise_kernel,..launch_clamp_scalar..,3.94,0.31,3.91,32.21,18,"  392,    1,    1","  128,    1,    1"
555,22.58,Kernel2,..cutlass_80_tensorop_s1688gemm_64x128_32x3_nn_align4..,17.31,3.91,13.42,21.95,148,"    8,    1,    5","  128,    1,    1"
556,6.39,splitKreduce_kernel,..splitKreduce_kernel..,4.90,0.31,9.70,27.61,44,"    7,   16,    1","   32,   16,    1"
557,7.30,bn_fw_inf_1C11_kernel_NCHW,..bn_fw_inf_1C11_kernel_NCHW..,4.67,0.34,2.86,8.68,20,"  256,    1,    1","   64,    1,    1"
558,8.66,vectorized_elementwise_kernel,..launch_clamp_scalar..,3.36,0.29,1.30,8.40,18,"   98,    1,    1","  128,    1,    1"
559,13.76,nchwToNhwcKernel,..nchw2nhwc_params_t..,3.87,0.53,3.49,7.33,33,"    7,    8,    1","  256,    1,    1"
560,6.06,nchwToNhwcKernel,..nchw2nhwc_params_t..,10.05,0.61,45.08,45.16,33,"    1,    8,  256","  256,    1,    1"
561,18.12,sm86_xmma_fprop_implicit_gemm_indexed_tf32f32_tf32f32_f32_nhwckrsc_nchw_tilesize64x32x64_stage4_warpsize2x2x1_g1_tensor16x8x8_alignc4_execute_kernel_cudnn_infer,sm86_xmma_fprop_implicit_gemm_indexed_tf32f32_tf32f32_f32_nhwckrsc_nchw_tilesize64x32x64_stage4_warpsize2x2x1_g1_tensor16x8x8_alignc4_execute_kernel_cudnn_infer,24.38,4.42,21.24,45.90,122,"    8,    4,    2","  128,    1,    1"
562,8.97,bn_fw_inf_1C11_kernel_NCHW,..bn_fw_inf_1C11_kernel_NCHW..,4.64,0.42,2.96,9.18,20,"  256,    1,    1","   64,    1,    1"
563,6.54,vectorized_elementwise_kernel,..launch_clamp_scalar..,2.94,0.19,1.24,10.70,18,"   98,    1,    1","  128,    1,    1"
564,18.84,Kernel2,..cutlass_80_tensorop_s1688gemm_64x64_32x6_nn_align4..,13.47,2.54,17.57,35.84,96,"   64,    1,    1","  128,    1,    1"
565,9.09,bn_fw_inf_1C11_kernel_NCHW,..bn_fw_inf_1C11_kernel_NCHW..,5.47,0.50,10.07,28.58,20," 1024,    1,    1","   64,    1,    1"
566,11.99,vectorized_elementwise_kernel,..vectorized_elementwise_kernel..,5.12,0.61,2.39,42.83,22,"  392,    1,    1","  128,    1,    1"
567,7.71,vectorized_elementwise_kernel,..launch_clamp_scalar..,4,0.31,3.78,31.42,18,"  392,    1,    1","  128,    1,    1"
568,22.55,Kernel2,..cutlass_80_tensorop_s1688gemm_64x128_32x3_nn_align4..,17.28,3.90,13.32,22.01,148,"    8,    1,    5","  128,    1,    1"
569,7.85,splitKreduce_kernel,..splitKreduce_kernel..,4.74,0.37,8.98,29.43,44,"    7,   16,    1","   32,   16,    1"
570,9.03,bn_fw_inf_1C11_kernel_NCHW,..bn_fw_inf_1C11_kernel_NCHW..,4.70,0.42,2.97,7.51,20,"  256,    1,    1","   64,    1,    1"
571,6.37,vectorized_elementwise_kernel,..launch_clamp_scalar..,2.98,0.19,1.27,9.40,18,"   98,    1,    1","  128,    1,    1"
572,14.17,nchwToNhwcKernel,..nchw2nhwc_params_t..,3.78,0.53,3.47,7.49,33,"    7,    8,    1","  256,    1,    1"
573,6.28,nchwToNhwcKernel,..nchw2nhwc_params_t..,10.05,0.63,44.57,47.11,33,"    1,    8,  256","  256,    1,    1"
574,18.31,sm86_xmma_fprop_implicit_gemm_indexed_tf32f32_tf32f32_f32_nhwckrsc_nchw_tilesize64x32x64_stage4_warpsize2x2x1_g1_tensor16x8x8_alignc4_execute_kernel_cudnn_infer,sm86_xmma_fprop_implicit_gemm_indexed_tf32f32_tf32f32_f32_nhwckrsc_nchw_tilesize64x32x64_stage4_warpsize2x2x1_g1_tensor16x8x8_alignc4_execute_kernel_cudnn_infer,24.35,4.46,21.49,45.94,122,"    8,    4,    2","  128,    1,    1"
575,7.76,bn_fw_inf_1C11_kernel_NCHW,..bn_fw_inf_1C11_kernel_NCHW..,4.58,0.36,3.01,7.85,20,"  256,    1,    1","   64,    1,    1"
576,8.46,vectorized_elementwise_kernel,..launch_clamp_scalar..,2.94,0.25,1.29,9.73,18,"   98,    1,    1","  128,    1,    1"
577,18.73,Kernel2,..cutlass_80_tensorop_s1688gemm_64x64_32x6_nn_align4..,13.25,2.48,17.68,36.44,96,"   64,    1,    1","  128,    1,    1"
578,7.76,bn_fw_inf_1C11_kernel_NCHW,..bn_fw_inf_1C11_kernel_NCHW..,5.50,0.43,10.12,29.89,20," 1024,    1,    1","   64,    1,    1"
579,5.98,vectorized_elementwise_kernel,..vectorized_elementwise_kernel..,5.09,0.30,2.18,43.19,22,"  392,    1,    1","  128,    1,    1"
580,7.93,vectorized_elementwise_kernel,..launch_clamp_scalar..,3.81,0.30,3.83,32.78,18,"  392,    1,    1","  128,    1,    1"
581,22.60,Kernel2,..cutlass_80_tensorop_s1688gemm_64x128_32x3_nn_align4..,17.38,3.93,13.42,21.90,148,"    8,    1,    5","  128,    1,    1"
582,5.61,splitKreduce_kernel,..splitKreduce_kernel..,4.96,0.28,9.05,27.80,44,"    7,   16,    1","   32,   16,    1"
583,7.99,bn_fw_inf_1C11_kernel_NCHW,..bn_fw_inf_1C11_kernel_NCHW..,4.67,0.37,3.02,9.23,20,"  256,    1,    1","   64,    1,    1"
584,9.73,vectorized_elementwise_kernel,..launch_clamp_scalar..,2.94,0.29,1.29,10.49,18,"   98,    1,    1","  128,    1,    1"
585,13.94,nchwToNhwcKernel,..nchw2nhwc_params_t..,3.81,0.53,3.50,8.59,33,"    7,    8,    1","  256,    1,    1"
586,6.24,nchwToNhwcKernel,..nchw2nhwc_params_t..,10.11,0.63,45.22,44.49,33,"    1,    8,  256","  256,    1,    1"
587,18.39,sm86_xmma_fprop_implicit_gemm_indexed_tf32f32_tf32f32_f32_nhwckrsc_nchw_tilesize64x32x64_stage4_warpsize2x2x1_g1_tensor16x8x8_alignc4_execute_kernel_cudnn_infer,sm86_xmma_fprop_implicit_gemm_indexed_tf32f32_tf32f32_f32_nhwckrsc_nchw_tilesize64x32x64_stage4_warpsize2x2x1_g1_tensor16x8x8_alignc4_execute_kernel_cudnn_infer,24.38,4.48,21.40,45.93,122,"    8,    4,    2","  128,    1,    1"
588,8.79,bn_fw_inf_1C11_kernel_NCHW,..bn_fw_inf_1C11_kernel_NCHW..,4.64,0.41,2.94,7.12,20,"  256,    1,    1","   64,    1,    1"
589,7.25,vectorized_elementwise_kernel,..launch_clamp_scalar..,3.01,0.22,1.27,9.61,18,"   98,    1,    1","  128,    1,    1"
590,18.73,Kernel2,..cutlass_80_tensorop_s1688gemm_64x64_32x6_nn_align4..,13.34,2.50,17.68,36.13,96,"   64,    1,    1","  128,    1,    1"
591,8.29,bn_fw_inf_1C11_kernel_NCHW,..bn_fw_inf_1C11_kernel_NCHW..,5.79,0.48,10.19,27.73,20," 1024,    1,    1","   64,    1,    1"
592,5.31,vectorized_elementwise_kernel,..vectorized_elementwise_kernel..,4.99,0.26,2.22,43.73,22,"  392,    1,    1","  128,    1,    1"
593,9.14,vectorized_elementwise_kernel,..launch_clamp_scalar..,4.13,0.38,3.93,31.52,18,"  392,    1,    1","  128,    1,    1"
594,22.64,Kernel2,..cutlass_80_tensorop_s1688gemm_64x128_32x3_nn_align4..,17.31,3.92,13.48,21.98,148,"    8,    1,    5","  128,    1,    1"
595,7.66,splitKreduce_kernel,..splitKreduce_kernel..,4.93,0.38,8.59,28.14,44,"    7,   16,    1","   32,   16,    1"
596,8.07,bn_fw_inf_1C11_kernel_NCHW,..bn_fw_inf_1C11_kernel_NCHW..,4.67,0.38,2.96,8.05,20,"  256,    1,    1","   64,    1,    1"
597,7.20,vectorized_elementwise_kernel,..launch_clamp_scalar..,3.01,0.22,1.26,10.63,18,"   98,    1,    1","  128,    1,    1"
598,14.07,nchwToNhwcKernel,..nchw2nhwc_params_t..,3.74,0.53,3.52,7.55,33,"    7,    8,    1","  256,    1,    1"
599,7.15,nchwToNhwcKernel,..nchw2nhwc_params_t..,10.37,0.74,46.83,47.19,33,"    1,    8,  256","  256,    1,    1"
600,18.06,sm86_xmma_fprop_implicit_gemm_indexed_tf32f32_tf32f32_f32_nhwckrsc_nchw_tilesize64x32x64_stage4_warpsize2x2x1_g1_tensor16x8x8_alignc4_execute_kernel_cudnn_infer,sm86_xmma_fprop_implicit_gemm_indexed_tf32f32_tf32f32_f32_nhwckrsc_nchw_tilesize64x32x64_stage4_warpsize2x2x1_g1_tensor16x8x8_alignc4_execute_kernel_cudnn_infer,24.35,4.40,21.39,45.92,122,"    8,    4,    2","  128,    1,    1"
601,8.05,bn_fw_inf_1C11_kernel_NCHW,..bn_fw_inf_1C11_kernel_NCHW..,4.67,0.38,2.99,7.79,20,"  256,    1,    1","   64,    1,    1"
602,8.95,vectorized_elementwise_kernel,..launch_clamp_scalar..,3.01,0.27,1.28,9.66,18,"   98,    1,    1","  128,    1,    1"
603,18.71,Kernel2,..cutlass_80_tensorop_s1688gemm_64x64_32x6_nn_align4..,13.25,2.48,17.57,36.48,96,"   64,    1,    1","  128,    1,    1"
604,6.47,bn_fw_inf_1C11_kernel_NCHW,..bn_fw_inf_1C11_kernel_NCHW..,5.31,0.34,9.06,27.51,20," 1024,    1,    1","   64,    1,    1"
605,8.41,vectorized_elementwise_kernel,..vectorized_elementwise_kernel..,4.96,0.42,2.42,40.82,22,"  392,    1,    1","  128,    1,    1"
606,7.99,vectorized_elementwise_kernel,..launch_clamp_scalar..,4.10,0.33,3.77,30.86,18,"  392,    1,    1","  128,    1,    1"
607,17.32,Kernel2,..cutlass_80_tensorop_s1688gemm_128x64_16x6_nn_align4..,19.58,3.39,24.23,38.50,136,"   16,    1,    4","  128,    1,    1"
608,8.52,splitKreduce_kernel,..splitKreduce_kernel..,5.66,0.48,14.82,40.85,44,"    7,   32,    1","   32,   16,    1"
609,9.08,bn_fw_inf_1C11_kernel_NCHW,..bn_fw_inf_1C11_kernel_NCHW..,4.77,0.43,5.77,16.19,20,"  512,    1,    1","   64,    1,    1"
610,8.94,vectorized_elementwise_kernel,..launch_clamp_scalar..,3.36,0.30,2.37,14.60,18,"  196,    1,    1","  128,    1,    1"
611,12.22,nchwToNhwcKernel,..nchw2nhwc_params_t..,4,0.49,6.55,16.25,33,"    7,   16,    1","  256,    1,    1"
612,0.00,nchwToNhwcKernel,..nchw2nhwc_params_t..,29.41,0.00,61.24,69.09,33,"    1,   16,  512","  256,    1,    1"
613,23.53,sm86_xmma_fprop_implicit_gemm_indexed_tf32f32_tf32f32_f32_nhwckrsc_nchw_tilesize64x32x64_stage4_warpsize2x2x1_g1_tensor16x8x8_alignc4_execute_kernel_cudnn_infer,sm86_xmma_fprop_implicit_gemm_indexed_tf32f32_tf32f32_f32_nhwckrsc_nchw_tilesize64x32x64_stage4_warpsize2x2x1_g1_tensor16x8x8_alignc4_execute_kernel_cudnn_infer,32.64,7.68,17.91,42.23,122,"   16,    1,    3","  128,    1,    1"
614,7.39,bn_fw_inf_1C11_kernel_NCHW,..bn_fw_inf_1C11_kernel_NCHW..,3.78,0.28,4.31,5.70,20,"  512,    1,    1","   64,    1,    1"
615,11.32,vectorized_elementwise_kernel,..launch_clamp_scalar..,2.85,0.32,0.66,4.85,18,"   49,    1,    1","  128,    1,    1"
616,22.19,Kernel2,..cutlass_80_tensorop_s1688gemm_64x64_16x6_nn_align1..,23.17,5.14,13.49,31.18,90,"   32,    1,    1","  128,    1,    1"
617,8.24,bn_fw_inf_1C11_kernel_NCHW,..bn_fw_inf_1C11_kernel_NCHW..,5.15,0.42,10.88,13.78,20," 2048,    1,    1","   64,    1,    1"
618,5.56,kern_precompute_indices,..kern_precompute_indices..,3.23,0.18,3.61,1.44,16," 1024,    1,    1","    1,    1,    1"
619,16.60,precomputed_convolve_sgemm,..precomputed_convolve_sgemm..,72.48,12.03,29.89,35.24,64,"    2,   64,    1","    8,    8,    1"
620,10.10,bn_fw_inf_1C11_kernel_NCHW,..bn_fw_inf_1C11_kernel_NCHW..,5.28,0.53,10.75,15.16,20," 2048,    1,    1","   64,    1,    1"
621,9.78,vectorized_elementwise_kernel,..vectorized_elementwise_kernel..,3.94,0.39,1.49,27.23,22,"  196,    1,    1","  128,    1,    1"
622,6.07,vectorized_elementwise_kernel,..launch_clamp_scalar..,3.39,0.21,2.26,13.98,18,"  196,    1,    1","  128,    1,    1"
623,22.77,Kernel2,..cutlass_80_tensorop_s1688gemm_64x128_32x3_nn_align1..,17.41,3.96,15.25,42.22,152,"    4,    1,   11","  128,    1,    1"
624,13.70,splitKreduce_kernel,..splitKreduce_kernel..,5.15,0.71,6.44,28.91,44,"    2,   32,    1","   32,   16,    1"
625,9.63,bn_fw_inf_1C11_kernel_NCHW,..bn_fw_inf_1C11_kernel_NCHW..,3.78,0.36,4.36,5.52,20,"  512,    1,    1","   64,    1,    1"
626,11.06,vectorized_elementwise_kernel,..launch_clamp_scalar..,2.85,0.32,0.66,4.80,18,"   49,    1,    1","  128,    1,    1"
627,12.00,nchwToNhwcKernel,..nchw2nhwc_params_t..,3.78,0.45,1.81,4.58,33,"    2,   16,    1","  256,    1,    1"
628,0.00,nchwToNhwcKernel,..nchw2nhwc_params_t..,29.70,0.00,60.35,68.18,33,"    1,   16,  512","  256,    1,    1"
629,23.71,sm86_xmma_fprop_implicit_gemm_indexed_tf32f32_tf32f32_f32_nhwckrsc_nchw_tilesize64x32x64_stage4_warpsize2x2x1_g1_tensor16x8x8_alignc4_execute_kernel_cudnn_infer,sm86_xmma_fprop_implicit_gemm_indexed_tf32f32_tf32f32_f32_nhwckrsc_nchw_tilesize64x32x64_stage4_warpsize2x2x1_g1_tensor16x8x8_alignc4_execute_kernel_cudnn_infer,32.42,7.69,18.07,41.57,122,"   16,    1,    3","  128,    1,    1"
630,0.00,bn_fw_inf_1C11_kernel_NCHW,..bn_fw_inf_1C11_kernel_NCHW..,3.74,0.00,4.38,5.71,20,"  512,    1,    1","   64,    1,    1"
631,11.07,vectorized_elementwise_kernel,..launch_clamp_scalar..,2.82,0.31,0.67,4.88,18,"   49,    1,    1","  128,    1,    1"
632,22.36,Kernel2,..cutlass_80_tensorop_s1688gemm_64x64_16x6_nn_align1..,23.01,5.14,13.50,30.91,90,"   32,    1,    1","  128,    1,    1"
633,6.60,bn_fw_inf_1C11_kernel_NCHW,..bn_fw_inf_1C11_kernel_NCHW..,5.22,0.34,10.78,14.70,20," 2048,    1,    1","   64,    1,    1"
634,9.44,vectorized_elementwise_kernel,..vectorized_elementwise_kernel..,3.97,0.37,1.49,25.37,22,"  196,    1,    1","  128,    1,    1"
635,9.79,vectorized_elementwise_kernel,..launch_clamp_scalar..,3.26,0.32,2.27,15.91,18,"  196,    1,    1","  128,    1,    1"
636,22.85,Kernel2,..cutlass_80_tensorop_s1688gemm_64x128_32x3_nn_align1..,17.44,3.99,15.21,40.29,152,"    4,    1,   11","  128,    1,    1"
637,13.13,splitKreduce_kernel,..splitKreduce_kernel..,5.06,0.66,6.09,30.81,44,"    2,   32,    1","   32,   16,    1"
638,6.80,bn_fw_inf_1C11_kernel_NCHW,..bn_fw_inf_1C11_kernel_NCHW..,3.78,0.26,4.42,5.18,20,"  512,    1,    1","   64,    1,    1"
639,11.15,vectorized_elementwise_kernel,..launch_clamp_scalar..,2.82,0.31,0.69,4.90,18,"   49,    1,    1","  128,    1,    1"
640,12.19,nchwToNhwcKernel,..nchw2nhwc_params_t..,3.71,0.45,1.87,4.62,33,"    2,   16,    1","  256,    1,    1"
641,0.00,nchwToNhwcKernel,..nchw2nhwc_params_t..,29.41,0.00,60.83,68.78,33,"    1,   16,  512","  256,    1,    1"
642,23.62,sm86_xmma_fprop_implicit_gemm_indexed_tf32f32_tf32f32_f32_nhwckrsc_nchw_tilesize64x32x64_stage4_warpsize2x2x1_g1_tensor16x8x8_alignc4_execute_kernel_cudnn_infer,sm86_xmma_fprop_implicit_gemm_indexed_tf32f32_tf32f32_f32_nhwckrsc_nchw_tilesize64x32x64_stage4_warpsize2x2x1_g1_tensor16x8x8_alignc4_execute_kernel_cudnn_infer,32.48,7.67,18.08,41.41,122,"   16,    1,    3","  128,    1,    1"
643,9.49,bn_fw_inf_1C11_kernel_NCHW,..bn_fw_inf_1C11_kernel_NCHW..,3.81,0.36,4.33,5.94,20,"  512,    1,    1","   64,    1,    1"
644,10.79,vectorized_elementwise_kernel,..launch_clamp_scalar..,2.85,0.31,0.66,4.82,18,"   49,    1,    1","  128,    1,    1"
645,22.09,Kernel2,..cutlass_80_tensorop_s1688gemm_64x64_16x6_nn_align1..,23.17,5.12,13.33,29.41,90,"   32,    1,    1","  128,    1,    1"
646,8.47,bn_fw_inf_1C11_kernel_NCHW,..bn_fw_inf_1C11_kernel_NCHW..,5.25,0.44,10.63,15.02,20," 2048,    1,    1","   64,    1,    1"
647,7.57,vectorized_elementwise_kernel,..vectorized_elementwise_kernel..,3.94,0.30,1.43,26.16,22,"  196,    1,    1","  128,    1,    1"
648,5.85,vectorized_elementwise_kernel,..launch_clamp_scalar..,3.39,0.20,2.30,14.39,18,"  196,    1,    1","  128,    1,    1"
649,5.78,reduce_kernel,..reduce_kernel..ReduceOp..,5.86,0.34,15.69,9.35,32,"  128,    1,    1","   32,   16,    1"
650,10.50,kernel,..cublasGemvTensorStridedBatched..,19.68,2.07,19.99,48.21,159,"  250,    1,    3","   32,    4,    1"
651,11.38,splitKreduce_kernel,..splitKreduce_kernel..,3.39,0.39,5.60,4.68,44,"    1,   63,    1","   32,   16,    1"
652,8.75,globalKernel,..cublasLtEpilogue_t..,3.20,0.28,3.20,2.52,26,"  125,    1,    1","    8,   32,    1"
